    1   0                                                 ;NC (NUMBER OF PROBLEM); KP (output file unit)
    Optimization                                          ;TITLE
    4   43   1   10   1                                    ;NP (number of parameters), NOB (number of observation), INPC,MIT (max iteration), NIND (dimension)
    Smann  SGCL    SWFH1   SWFH2                          ;NAME OF COEFFICENT
   1.0000E-03  4.2157E-01  3.7533E-03  1.2639E-03                           ;INITIAL GUESS
    0.001  1e-4    1e-6    1e-6          
    0.1    1.0     0.1     0.1          
673.1255035	9.60712524E-08	1.00
870.3413172	6.30195544E-05	1.00
1023.758934	1.32693523E-04	1.00
1145.615017	1.99790869E-04	1.00
1248.146226	2.73420150E-04	1.00
1345.840155	3.42514049E-04	1.00
1427.33034	4.02280840E-04	1.00
1556.162829	4.95905235E-04	1.00
1683.805866	5.90644694E-04	1.00
1785.3874	6.66323799E-04	1.00
1887.048411	7.45497438E-04	1.00
2017.062267	8.46452388E-04	1.00
2154.05253	9.44032096E-04	1.00
2288.791861	1.03112456E-03	1.00
2430.507598	1.09999990E-03	1.00
2554.07983	1.14572345E-03	1.00
2668.312919	1.17384774E-03	1.00
2757.737268	1.19304423E-03	1.00
2881.421306	1.21024417E-03	1.00
2985.668665	1.21028196E-03	1.00
3040.372632	1.19890275E-03	1.00
3104.739035	1.17631098E-03	1.00
3146.062688	1.15856876E-03	1.00
3174.601428	1.13882271E-03	1.00
3196.949097	1.12079364E-03	1.00
3269.634921	1.06676016E-03	1.00
3328.790909	1.00539613E-03	1.00
3384.514597	9.45011476E-04	1.00
3444.205367	8.79511371E-04	1.00
3491.012888	8.16768648E-04	1.00
3560.154606	7.36607432E-04	1.00
3653.234866	6.35471722E-04	1.00
3746.961714	5.40287877E-04	1.00
3838.860606	4.61866871E-04	1.00
3896.573896	4.21328445E-04	1.00
3957.060776	3.80507725E-04	1.00
4046.173955	3.28071489E-04	1.00
4154.500202	2.81587117E-04	1.00
4294.387983	2.38583166E-04	1.00
4412.699959	2.09698046E-04	1.00
4546.792703	1.83170998E-04	1.00
4683.894772	1.57841881E-04	1.00
4819.703666	1.33092833E-04	1.00
