 1.614036800E+000 7.891622300E+000 4.153804302E+000
 7.254950100E-001 8.754786400E+000 4.189959049E+000
 1.302383300E-001 6.692290700E+000 4.381868839E+000
 2.075995000E+000 6.893146000E+000 4.095368862E+000
 1.325209300E+000 5.886703400E+000 4.321687222E+000
 2.139716400E-001 5.014271800E+000 4.641565323E+000
 1.798110600E+000 4.862762600E+000 4.307667732E+000
 1.428839600E+000 3.543642100E+000 4.595534325E+000
 2.787773100E+000 5.808416500E+000 3.859967470E+000
 2.574212300E+000 9.146348100E+000 4.045077801E+000
 3.114715400E+000 8.050745800E+000 3.940364599E+000
 1.972084600E+000 9.851021700E+000 4.081258774E+000
 3.654302000E+000 6.946039800E+000 3.725395679E+000
 3.101269000E+000 4.268601200E+000 4.060107231E+000
 3.251141700E+000 2.392714500E+000 4.563344479E+000
 4.015276400E+000 5.715779600E+000 3.464257002E+000
 3.709161400E+000 1.082547900E+001 4.025500774E+000
 4.019968000E+000 9.295006500E+000 3.961309910E+000
 4.614291800E+000 8.142953500E+000 3.819777012E+000
 5.131593500E+000 7.057456600E+000 3.649895191E+000
 4.213311300E+000 4.177200400E+000 3.741386890E+000
 4.198077900E+000 3.232726100E+000 4.167820454E+000
 5.073443700E+000 1.337697500E+000 4.600028038E+000
 5.371054000E+000 5.974748300E+000 3.296992064E+000
 4.990217600E+000 5.106441300E+000 3.236115932E+000
 4.906589600E+000 1.031610900E+001 4.021232128E+000
 5.519888000E+000 1.163574100E+001 3.985852957E+000
 5.535137900E+000 9.273522500E+000 3.936890841E+000
 6.172957400E+000 8.253044100E+000 3.765372515E+000
 6.345995300E+000 7.162958000E+000 3.470868587E+000
 5.264419900E+000 4.024865900E+000 3.608903408E+000
 5.553855500E+000 2.958523900E+000 4.026261330E+000
 6.790614300E+000 2.050712100E+000 4.247096539E+000
 6.801763300E+000 5.968140300E-001 4.642417431E+000
 6.568638400E+000 6.376748800E+000 3.220424891E+000
 6.102260000E+000 5.837647200E+000 3.202789307E+000
 5.848345700E+000 5.150219900E+000 3.210276127E+000
 5.890356700E+000 4.503129100E+000 3.339882851E+000
 6.071747200E+000 1.037566600E+001 4.033586025E+000
 7.008560900E+000 1.104637600E+001 4.015353203E+000
 7.402819300E+000 1.228502700E+001 3.925579548E+000
 7.207933400E+000 9.648137900E+000 3.965872288E+000
 7.599532900E+000 8.403333200E+000 3.740258694E+000
 7.739143800E+000 7.426057100E+000 3.465341091E+000
 7.222382000E+000 6.915133200E+000 3.325203180E+000
 6.102260000E+000 3.811597500E+000 3.598059177E+000
 7.183835400E+000 3.156558800E+000 3.784723282E+000
 8.509146200E+000 2.410119400E+000 3.939306021E+000
 7.915485000E+000 1.293918800E+000 4.355715275E+000
 8.494256200E+000 0.000000000E+000 4.646865845E+000
 7.230717400E+000 6.248823800E+000 3.155766726E+000
 6.635431000E+000 5.700546100E+000 3.126394033E+000
 6.528796800E+000 4.984573600E+000 3.175434589E+000
 6.650664400E+000 4.360001900E+000 3.324895382E+000
 8.495774400E+000 1.114017300E+001 3.972860813E+000
 9.285750600E+000 1.293431400E+001 3.890704632E+000
 8.710861500E+000 9.553357100E+000 3.913522720E+000
 9.046409300E+000 8.390641300E+000 3.736453295E+000
 8.462011400E+000 7.474062000E+000 3.507911682E+000
 7.884461100E+000 6.787208200E+000 3.271908045E+000
 6.970567000E+000 3.811597500E+000 3.521550894E+000
 7.721728000E+000 3.928492300E+000 3.397859335E+000
 8.493912700E+000 3.217492600E+000 3.686594248E+000
 9.925857700E+000 3.293659900E+000 3.554086447E+000
 1.020006400E+001 2.349509000E+000 3.822770596E+000
 9.122760000E+000 1.400647700E+000 4.191228390E+000
 1.033604200E+001 1.042089800E+000 4.169722080E+000
 1.058558300E+001 0.000000000E+000 4.322191238E+000
 7.703723300E+000 6.093652900E+000 3.089508772E+000
 7.049979700E+000 5.555268500E+000 3.063115358E+000
 7.091990700E+000 4.908177600E+000 3.133614540E+000
 7.381081400E+000 4.463141400E+000 3.224336386E+000
 9.985378800E+000 1.201626800E+001 3.921887636E+000
 9.921262600E+000 1.064834400E+001 3.913060188E+000
 1.121105800E+001 1.342375100E+001 3.871596098E+000
 1.020006700E+001 9.339313000E+000 3.779811859E+000
 1.056943700E+001 8.479484600E+000 3.589284897E+000
 9.936121400E+000 7.549006600E+000 3.474926710E+000
 9.150906300E+000 7.571235000E+000 3.546496391E+000
 8.573356000E+000 6.884381200E+000 3.319609880E+000
 8.186027300E+000 6.216593100E+000 3.103165150E+000
 7.899807900E+000 4.497103000E+000 3.190345287E+000
 8.570080000E+000 3.963932000E+000 3.365903139E+000
 9.545021200E+000 4.040099300E+000 3.333420992E+000
 1.033716100E+001 4.116266600E+000 3.297513247E+000
 1.128163500E+001 3.293659900E+000 3.471640825E+000
 1.165559100E+001 2.178092500E+000 3.775705338E+000
 1.197486400E+001 9.639518500E-001 4.058483124E+000
 1.257729100E+001 0.000000000E+000 4.207010746E+000
 8.005289500E+000 5.523037800E+000 3.005081654E+000
 7.522985600E+000 5.400097600E+000 3.027018785E+000
 7.812076400E+000 4.955061400E+000 3.069467783E+000
 1.113746500E+001 1.176771300E+001 3.913417339E+000
 1.134951900E+001 1.046127500E+001 3.853829384E+000
 1.219209100E+001 1.264571500E+001 3.893016577E+000
 1.316835600E+001 1.379251800E+001 3.831820965E+000
 1.174129300E+001 9.329732600E+000 3.683767319E+000
 1.154060400E+001 8.549202600E+000 3.502798319E+000
 1.108826100E+001 7.749395500E+000 3.307507038E+000
 1.058394300E+001 7.671167600E+000 3.395370007E+000
 1.055789400E+001 7.225876300E+000 3.291154861E+000
 9.910072600E+000 7.103715300E+000 3.333101749E+000
 9.262250900E+000 6.981554300E+000 3.345443964E+000
 8.874922200E+000 6.313766200E+000 3.090593815E+000
 8.487593500E+000 5.645978100E+000 2.980000019E+000
 8.463445800E+000 4.573270300E+000 3.166312218E+000
 8.294380300E+000 5.078001600E+000 3.084439754E+000
 9.027083700E+000 4.573270300E+000 3.202203989E+000
 9.402769600E+000 4.669289300E+000 3.190958023E+000
 9.883180500E+000 4.787423100E+000 3.176948309E+000
 1.065507800E+001 4.875073900E+000 3.160237312E+000
 1.120546800E+001 4.192433900E+000 3.264654398E+000
 1.216517600E+001 4.238134200E+000 3.232451677E+000
 1.285463500E+001 3.315934400E+000 3.425906181E+000
 1.318131500E+001 2.144242000E+000 3.752614975E+000
 1.363778500E+001 9.773009500E-001 4.021594524E+000
 1.456900000E+001 0.000000000E+000 4.128216267E+000
 1.243476800E+001 1.148189000E+001 3.885788918E+000
 1.287387000E+001 1.039894100E+001 3.806472063E+000
 1.329393000E+001 1.249272600E+001 3.882225990E+000
 1.455854500E+001 1.287613700E+001 3.872153282E+000
 1.512565400E+001 1.416128400E+001 3.846157074E+000
 1.336661000E+001 9.336634800E+000 3.641113997E+000
 1.235899500E+001 8.568327900E+000 3.462426424E+000
 1.192872500E+001 7.875198700E+000 3.278804064E+000
 1.156652900E+001 7.382331900E+000 3.149300814E+000
 1.106221200E+001 7.304104100E+000 3.206467628E+000
 1.096965600E+001 6.804747800E+000 3.091229916E+000
 1.048735200E+001 6.681807600E+000 3.103756905E+000
 9.839530100E+000 6.559646600E+000 3.122510433E+000
 9.357226100E+000 6.436706400E+000 3.107890606E+000
 9.452201300E+000 5.891858500E+000 2.980000019E+000
 8.969897400E+000 5.768918300E+000 2.980000019E+000
 8.845443300E+000 5.309718000E+000 3.090759754E+000
 8.737648000E+000 4.954106700E+000 3.125765085E+000
 9.203293100E+000 4.973458000E+000 3.148438454E+000
 9.683704000E+000 5.091591800E+000 3.148796320E+000
 1.016411500E+001 5.209725600E+000 3.138882637E+000
 1.068390400E+001 5.288481500E+000 3.127420902E+000
 1.117486700E+001 4.953829800E+000 3.144247293E+000
 1.180141100E+001 5.062087800E+000 3.109231710E+000
 1.248507800E+001 5.136908200E+000 3.089539289E+000
 1.314011700E+001 4.268601200E+000 3.210625410E+000
 1.432915600E+001 3.285518700E+000 3.460054636E+000
 1.470798700E+001 2.207028200E+000 3.761569262E+000
 1.509113500E+001 1.198010400E+000 3.961020470E+000
 1.656070800E+001 0.000000000E+000 4.111886501E+000
 1.388822100E+001 1.156471600E+001 3.854814291E+000
 1.442842800E+001 1.051864000E+001 3.752629995E+000
 1.613257000E+001 1.314389700E+001 3.872714281E+000
 1.541410900E+001 1.181999200E+001 3.839896202E+000
 1.708560000E+001 1.451436900E+001 3.844611645E+000
 1.467869600E+001 9.432743000E+000 3.568227768E+000
 1.414552500E+001 8.808171300E+000 3.461630106E+000
 1.324675100E+001 8.640603300E+000 3.466863871E+000
 1.306253000E+001 8.033238500E+000 3.328230858E+000
 1.250304200E+001 7.938646700E+000 3.296148539E+000
 1.214084600E+001 7.445779900E+000 3.168900728E+000
 1.195627700E+001 7.005915900E+000 3.065669537E+000
 1.147397300E+001 6.882975600E+000 3.046249151E+000
 1.138141700E+001 6.383619400E+000 2.980000019E+000
 1.089911300E+001 6.260679100E+000 2.980000019E+000
 1.041680900E+001 6.137738900E+000 2.980000019E+000
 9.934505300E+000 6.014798700E+000 2.980000019E+000
 9.808158100E+000 5.550792100E+000 3.100575209E+000
 9.327747200E+000 5.432658200E+000 3.102870226E+000
 1.029046200E+001 5.673732300E+000 3.086367607E+000
 1.081025100E+001 5.752488200E+000 3.075887442E+000
 1.120369300E+001 5.367237400E+000 3.101126432E+000
 1.183023700E+001 5.475495400E+000 3.065884113E+000
 1.314383200E+001 5.211277400E+000 3.082191467E+000
 1.245678100E+001 5.583753400E+000 3.048386097E+000
 1.397795700E+001 4.817005600E+000 3.140088320E+000
 1.426739300E+001 4.222900800E+000 3.244940758E+000
 1.545667600E+001 4.321716900E+000 3.266068220E+000
 1.586453800E+001 3.314587500E+000 3.518735170E+000
 1.624358600E+001 2.242409700E+000 3.770559788E+000
 1.637821300E+001 1.001958800E+000 3.995491266E+000
 1.801610600E+001 1.000165900E+000 4.029230595E+000
 1.855241700E+001 0.000000000E+000 4.166259289E+000
 1.598423500E+001 1.069060900E+001 3.705482960E+000
 1.583643900E+001 9.478443400E+000 3.469321489E+000
 1.760007600E+001 1.355700600E+001 3.844870329E+000
 1.711609600E+001 1.210196800E+001 3.818820953E+000
 1.905546300E+001 1.480871600E+001 3.769737482E+000
 1.502906600E+001 8.884338600E+000 3.403855562E+000
 1.466346300E+001 8.396868000E+000 3.332757235E+000
 1.397795700E+001 8.183599600E+000 3.337578297E+000
 1.383413900E+001 7.698411600E+000 3.218529940E+000
 1.327465100E+001 7.603819800E+000 3.215194702E+000
 1.271516300E+001 7.509227900E+000 3.183566332E+000
 1.253059400E+001 7.069363900E+000 3.067712307E+000
 1.234602500E+001 6.629499800E+000 2.980000019E+000
 1.186372100E+001 6.506559600E+000 2.980000019E+000
 1.191909900E+001 5.983686400E+000 3.024810076E+000
 1.129255500E+001 5.875428400E+000 3.041882753E+000
 1.307458000E+001 5.766892200E+000 3.048194170E+000
 1.379515600E+001 5.411110400E+000 3.079855919E+000
 1.240140300E+001 6.106626600E+000 3.008229256E+000
 1.289373100E+001 6.179009000E+000 3.014853239E+000
 1.437409900E+001 5.623428000E+000 3.076548338E+000
 1.498621800E+001 5.027288400E+000 3.134714127E+000
 1.601924000E+001 5.121674800E+000 3.138818502E+000
 1.658287800E+001 4.420935700E+000 3.264365673E+000
 1.740635200E+001 3.363864900E+000 3.505896091E+000
 1.771681400E+001 2.195526600E+000 3.782129049E+000
 1.925129800E+001 2.241909500E+000 3.787467003E+000
 1.966589500E+001 1.043261300E+000 3.997057676E+000
 2.054412500E+001 0.000000000E+000 4.103055000E+000
 1.766445400E+001 1.068188600E+001 3.650138617E+000
 1.694848100E+001 9.539377200E+000 3.437199593E+000
 1.653717800E+001 8.732004000E+000 3.265614271E+000
 1.579073900E+001 8.732004000E+000 3.308085442E+000
 1.860562600E+001 1.320064600E+001 3.807823658E+000
 1.879393700E+001 1.202953400E+001 3.743937016E+000
 2.014335800E+001 1.349763300E+001 3.781786442E+000
 2.102532700E+001 1.510306400E+001 3.742114782E+000
 1.525174500E+001 8.013435100E+000 3.194186926E+000
 1.454294200E+001 7.855923400E+000 3.220527887E+000
 1.407513400E+001 7.306727200E+000 3.077866316E+000
 1.358241100E+001 7.236338100E+000 3.085541964E+000
 1.302292300E+001 7.141746300E+000 3.077480078E+000
 1.283835400E+001 6.701882200E+000 2.980000019E+000
 1.351153000E+001 6.362147800E+000 3.023535013E+000
 1.369237900E+001 5.950031000E+000 3.059720993E+000
 1.333068200E+001 6.774264700E+000 2.980000019E+000
 1.483982400E+001 6.182896800E+000 3.057713509E+000
 1.494782100E+001 5.739860900E+000 3.069496632E+000
 1.426610100E+001 6.066463900E+000 3.062542677E+000
 1.550761700E+001 5.765608300E+000 3.063685417E+000
 1.713128300E+001 5.213075500E+000 3.127568960E+000
 1.622896400E+001 5.798180400E+000 3.059857130E+000
 1.778632100E+001 4.481869600E+000 3.230340481E+000
 1.891471000E+001 3.423967700E+000 3.506155014E+000
 2.042692400E+001 3.475006900E+000 3.531856060E+000
 2.077045300E+001 2.335246000E+000 3.784193039E+000
 2.111246400E+001 1.275979300E+000 3.966376781E+000
 2.253583300E+001 0.000000000E+000 4.162546158E+000
 1.908731500E+001 1.074242400E+001 3.566650152E+000
 1.866986200E+001 9.691711800E+000 3.382387877E+000
 1.784950300E+001 9.596146000E+000 3.413465977E+000
 1.729092900E+001 8.891422000E+000 3.287059546E+000
 1.673235600E+001 8.186698100E+000 3.136887074E+000
 1.599205000E+001 8.100066600E+000 3.153158188E+000
 2.027546700E+001 1.194107500E+001 3.693436623E+000
 2.195146200E+001 1.408034200E+001 3.782034159E+000
 2.144013700E+001 1.287071800E+001 3.759658813E+000
 2.299519100E+001 1.539741100E+001 3.781651497E+000
 1.576938500E+001 7.605017200E+000 3.055827141E+000
 1.527666100E+001 7.534628100E+000 3.063309669E+000
 1.478393700E+001 7.464239000E+000 3.084179640E+000
 1.431613000E+001 6.915042900E+000 2.980000019E+000
 1.382340600E+001 6.844653800E+000 2.980000019E+000
 1.400425400E+001 6.432536900E+000 3.027334690E+000
 1.507070100E+001 6.619359000E+000 3.022147417E+000
 1.457797700E+001 6.548969900E+000 3.027988195E+000
 1.539962000E+001 6.208644200E+000 3.048561096E+000
 1.595941500E+001 6.234391600E+000 3.040691137E+000
 1.818239100E+001 5.350176600E+000 3.099389076E+000
 1.765285700E+001 5.994221200E+000 3.047145605E+000
 1.690645000E+001 5.911081300E+000 3.052626610E+000
 1.663690200E+001 6.347292500E+000 3.025778770E+000
 1.886789700E+001 4.573270300E+000 3.228952885E+000
 1.987330500E+001 4.634204100E+000 3.248470783E+000
 2.078731200E+001 4.710371400E+000 3.253304005E+000
 2.195275000E+001 3.501055200E+000 3.537232399E+000
 2.228600100E+001 2.350432100E+000 3.792274237E+000
 2.238155300E+001 1.060053800E+000 4.024840355E+000
 2.402003400E+001 1.046115500E+000 4.026778698E+000
 2.452754200E+001 0.000000000E+000 4.128195763E+000
 2.065069400E+001 1.067761700E+001 3.478265762E+000
 1.961433600E+001 9.828812900E+000 3.352037191E+000
 1.921349800E+001 9.080176500E+000 3.241689444E+000
 1.841713900E+001 9.096187300E+000 3.290215492E+000
 1.795447800E+001 9.059402200E+000 3.297116518E+000
 1.805945400E+001 8.522658400E+000 3.185644150E+000
 1.739590500E+001 8.354678200E+000 3.165972948E+000
 1.700167000E+001 7.766573300E+000 3.037027836E+000
 1.650969000E+001 7.691648700E+000 3.032805920E+000
 2.184963900E+001 1.178676900E+001 3.681505442E+000
 2.349921300E+001 1.445922500E+001 3.831412792E+000
 2.303075500E+001 1.305100600E+001 3.771665096E+000
 2.496509300E+001 1.569141100E+001 3.840498447E+000
 1.628702500E+001 7.196599400E+000 2.980000019E+000
 1.579430100E+001 7.126210200E+000 2.980000019E+000
 1.530157700E+001 7.055821100E+000 2.980000019E+000
 1.480885300E+001 6.985432000E+000 2.980000019E+000
 1.563049600E+001 6.645106400E+000 3.021139860E+000
 1.612322000E+001 6.715495500E+000 3.009935379E+000
 1.912686600E+001 5.472044300E+000 3.101805210E+000
 1.835518700E+001 6.066744000E+000 3.044007778E+000
 1.801671900E+001 6.532716300E+000 3.023225307E+000
 1.731438800E+001 6.460193400E+000 3.022949219E+000
 1.680070700E+001 6.828396400E+000 3.002350330E+000
 2.020844100E+001 5.654845700E+000 3.101231337E+000
 2.093964700E+001 5.761479900E+000 3.099036455E+000
 2.173178700E+001 5.563445000E+000 3.125118017E+000
 2.200598900E+001 4.679904500E+000 3.257826328E+000
 2.313016000E+001 4.608097600E+000 3.279426813E+000
 2.347676900E+001 3.478441400E+000 3.552083492E+000
 2.375105300E+001 2.265763400E+000 3.817719936E+000
 2.529591600E+001 2.292423300E+000 3.811210871E+000
 2.567637500E+001 1.084247000E+000 4.005747795E+000
 2.651925000E+001 0.000000000E+000 4.132831097E+000
 2.220790800E+001 1.087825300E+001 3.509351254E+000
 2.171655300E+001 9.935447100E+000 3.307032824E+000
 2.090918000E+001 9.920213700E+000 3.312857151E+000
 2.036077600E+001 9.920213700E+000 3.329125404E+000
 2.031608000E+001 9.316444100E+000 3.224554062E+000
 1.973328700E+001 9.174683500E+000 3.230865002E+000
 1.950456300E+001 8.690735700E+000 3.160119534E+000
 1.898477400E+001 8.596228700E+000 3.170240402E+000
 1.852211400E+001 8.559443500E+000 3.180615902E+000
 1.815462500E+001 8.025184000E+000 3.068383932E+000
 1.766522000E+001 7.934553400E+000 3.061526299E+000
 1.727098500E+001 7.346448400E+000 2.980000019E+000
 1.677900500E+001 7.271523900E+000 2.980000019E+000
 2.337356400E+001 1.174078000E+001 3.622824669E+000
 2.452364100E+001 1.404105300E+001 3.838421345E+000
 2.474801100E+001 1.278410400E+001 3.728504658E+000
 2.572647500E+001 1.483153100E+001 3.831597090E+000
 2.695155300E+001 1.583625700E+001 3.746159792E+000
 1.966724500E+001 6.310827000E+000 3.044701815E+000
 1.917998200E+001 6.189522600E+000 3.046031952E+000
 1.871904900E+001 6.605239100E+000 3.030638218E+000
 1.848442200E+001 7.066474400E+000 3.007585049E+000
 1.778209200E+001 6.993951500E+000 3.000151157E+000
 1.729268700E+001 6.903320900E+000 3.001979589E+000
 2.022641200E+001 6.397458500E+000 3.046823978E+000
 2.160991900E+001 6.188016700E+000 3.060471773E+000
 2.093871800E+001 6.601083700E+000 3.039030075E+000
 2.247822600E+001 6.309884400E+000 3.056651592E+000
 2.276766200E+001 5.578678500E+000 3.124101877E+000
 2.424530700E+001 5.563445000E+000 3.152859449E+000
 2.466580000E+001 4.607991100E+000 3.315061808E+000
 2.499119800E+001 3.478535700E+000 3.576433420E+000
 2.652722700E+001 3.533075700E+000 3.572680473E+000
 2.682892500E+001 2.392503500E+000 3.798139334E+000
 2.713241400E+001 1.321411400E+000 3.988751411E+000
 2.851095900E+001 0.000000000E+000 4.141187668E+000
 2.376901100E+001 1.081479400E+001 3.410541773E+000
 2.310669400E+001 9.957467200E+000 3.275013685E+000
 2.234573000E+001 9.970541000E+000 3.301734686E+000
 2.183542000E+001 9.212393100E+000 3.169502974E+000
 2.118993900E+001 9.068764000E+000 3.149431229E+000
 2.060714500E+001 8.927003400E+000 3.148372173E+000
 2.002435200E+001 8.785242800E+000 3.150348186E+000
 1.959609500E+001 8.243230300E+000 3.066390514E+000
 1.910669000E+001 8.152599700E+000 3.076176643E+000
 1.861728500E+001 8.061969100E+000 3.065542936E+000
 1.824979600E+001 7.527709600E+000 2.980000019E+000
 1.776039100E+001 7.437079000E+000 2.980000019E+000
 2.465661000E+001 1.168729500E+001 3.558477402E+000
 2.577316700E+001 1.369988700E+001 3.795861721E+000
 2.614193200E+001 1.267698500E+001 3.697947979E+000
 2.579912000E+001 1.168729500E+001 3.529928923E+000
 2.672702800E+001 1.460574700E+001 3.791851521E+000
 2.788102700E+001 1.491974800E+001 3.743034124E+000
 2.893801300E+001 1.598110300E+001 3.668314219E+000
 1.969357700E+001 6.847848000E+000 3.028967142E+000
 1.920631300E+001 6.726543600E+000 3.029755592E+000
 1.897382700E+001 7.157105000E+000 3.006152868E+000
 1.873920100E+001 7.618340200E+000 2.980000019E+000
 2.025274400E+001 6.934479500E+000 3.029161930E+000
 2.152071300E+001 6.737589800E+000 3.030479670E+000
 2.198537300E+001 6.847848000E+000 3.027132750E+000
 2.081191000E+001 7.021111000E+000 3.020947933E+000
 2.127657000E+001 7.131369200E+000 3.011793613E+000
 2.363596900E+001 6.386051700E+000 3.062155008E+000
 2.319821400E+001 7.036862200E+000 3.027737856E+000
 2.248153500E+001 6.958106300E+000 3.024700403E+000
 2.482417800E+001 6.416518600E+000 3.075949907E+000
 2.549445100E+001 5.578678500E+000 3.168646574E+000
 2.620860200E+001 4.649165000E+000 3.323276520E+000
 2.755096700E+001 4.695138000E+000 3.339490175E+000
 2.805868700E+001 3.588684700E+000 3.579702854E+000
 2.834048200E+001 2.413634400E+000 3.817763329E+000
 2.838950300E+001 1.101220200E+000 4.040011406E+000
 3.002088200E+001 1.081067900E+000 4.030386925E+000
 3.050266700E+001 0.000000000E+000 4.095419407E+000
 2.530473100E+001 1.084017800E+001 3.335616112E+000
 2.458044300E+001 1.008778200E+001 3.214867115E+000
 2.385770300E+001 1.004975600E+001 3.256319523E+000
 2.323191100E+001 9.448310700E+000 3.183251619E+000
 2.248090200E+001 9.356022300E+000 3.190179586E+000
 2.232297000E+001 8.804388300E+000 3.096846342E+000
 2.167748800E+001 8.660759200E+000 3.076487780E+000
 2.118808300E+001 8.570128600E+000 3.068565845E+000
 2.060528900E+001 8.428368000E+000 3.067171335E+000
 2.011588400E+001 8.337737400E+000 3.067321777E+000
 1.971801100E+001 7.799601400E+000 2.980000019E+000
 1.922860600E+001 7.708970800E+000 2.980000019E+000
 2.726197200E+001 1.375108600E+001 3.756277800E+000
 2.778206500E+001 1.280774700E+001 3.647891283E+000
 2.703303000E+001 1.171776200E+001 3.512292385E+000
 2.638354200E+001 1.078941000E+001 3.306779146E+000
 2.890780500E+001 1.417531200E+001 3.727787495E+000
 2.973516400E+001 1.531317900E+001 3.710833549E+000
 3.092447300E+001 1.612594900E+001 3.683413744E+000
 1.995049700E+001 7.369040000E+000 3.002100706E+000
 1.946109200E+001 7.278409400E+000 3.002413750E+000
 2.050966400E+001 7.455671500E+000 3.000159264E+000
 2.174123000E+001 7.241627500E+000 3.008027792E+000
 2.223739200E+001 7.351885700E+000 3.005872250E+000
 2.099906900E+001 7.546302100E+000 2.993021965E+000
 2.146372800E+001 7.656560300E+000 2.988306761E+000
 2.371012700E+001 7.036862200E+000 3.035441637E+000
 2.434805000E+001 7.107742400E+000 3.039035797E+000
 2.324546700E+001 7.462143900E+000 3.009821653E+000
 2.273355400E+001 7.462143900E+000 3.003372908E+000
 2.523339000E+001 7.186160600E+000 3.041102409E+000
 2.592098700E+001 6.523152800E+000 3.078305483E+000
 2.657602600E+001 5.700546100E+000 3.159803152E+000
 2.756620100E+001 5.822413800E+000 3.149216175E+000
 2.875441000E+001 5.868114100E+000 3.200748205E+000
 2.927920100E+001 4.751133800E+000 3.403044462E+000
 2.956569100E+001 3.568658500E+000 3.655191183E+000
 2.978995300E+001 2.320076400E+000 3.875220776E+000
 3.132180600E+001 2.323822500E+000 3.934123755E+000
 3.167495300E+001 1.109442700E+000 4.066130638E+000
 3.249437600E+001 0.000000000E+000 4.133008480E+000
 2.594374100E+001 1.016486400E+001 3.196602345E+000
 2.532453200E+001 1.007511900E+001 3.184155464E+000
 2.522224000E+001 9.620055200E+000 3.119933605E+000
 2.460258000E+001 9.580327200E+000 3.144241571E+000
 2.398292000E+001 9.540599200E+000 3.171168804E+000
 2.356639300E+001 8.969119200E+000 3.089253664E+000
 2.281538400E+001 8.876830700E+000 3.098811626E+000
 2.265745200E+001 8.325196800E+000 2.980000019E+000
 2.216503800E+001 8.252754400E+000 2.980000019E+000
 2.167563200E+001 8.162123800E+000 2.980000019E+000
 2.118622700E+001 8.071493200E+000 2.980000019E+000
 2.069682200E+001 7.980862600E+000 2.980000019E+000
 2.020741700E+001 7.890232000E+000 2.980000019E+000
 2.932967800E+001 1.290421300E+001 3.603183985E+000
 2.851067500E+001 1.177869500E+001 3.425772667E+000
 2.779234300E+001 1.096709700E+001 3.311187267E+000
 2.705621300E+001 1.078941000E+001 3.292156458E+000
 2.684692900E+001 1.018363100E+001 3.184770107E+000
 3.042031700E+001 1.488168700E+001 3.734840870E+000
 3.053748200E+001 1.392925900E+001 3.724178314E+000
 3.179821800E+001 1.510653300E+001 3.732081175E+000
 3.291093300E+001 1.627079500E+001 3.716156244E+000
 2.195313400E+001 7.747190900E+000 2.986182213E+000
 2.244929600E+001 7.857449200E+000 2.987522840E+000
 2.375738100E+001 7.462143900E+000 3.017750025E+000
 2.439530300E+001 7.533024200E+000 3.022656202E+000
 2.503322600E+001 7.603904500E+000 3.024989843E+000
 2.345362300E+001 7.929891600E+000 2.990279436E+000
 2.294171000E+001 7.929891600E+000 2.986975193E+000
 2.574009900E+001 7.728571900E+000 3.024805307E+000
 2.594026300E+001 7.310828000E+000 3.040270090E+000
 2.689121800E+001 6.613775600E+000 3.080081940E+000
 2.670149700E+001 7.369423600E+000 3.034442186E+000
 2.776423600E+001 6.721187700E+000 3.082468510E+000
 2.977505200E+001 6.020448700E+000 3.212914944E+000
 2.890674500E+001 6.812588500E+000 3.098426104E+000
 3.077831800E+001 4.725353500E+000 3.521732807E+000
 3.105419700E+001 3.536379300E+000 3.750935793E+000
 3.257804200E+001 3.543250100E+000 3.836100578E+000
 3.285700200E+001 2.403921400E+000 3.982879162E+000
 3.313945900E+001 1.339288300E+000 4.097002506E+000
 3.448608400E+001 0.000000000E+000 4.124012470E+000
 2.646065700E+001 9.799543700E+000 3.124600172E+000
 2.584144800E+001 9.709799500E+000 3.118488312E+000
 2.566360300E+001 9.224323200E+000 3.047131300E+000
 2.517108600E+001 9.152497800E+000 3.054983854E+000
 2.455142600E+001 9.112769800E+000 3.078634262E+000
 2.405891000E+001 9.040944500E+000 3.085215330E+000
 2.364238300E+001 8.469464500E+000 2.980000019E+000
 2.314986600E+001 8.397639200E+000 2.980000019E+000
 3.088453900E+001 1.285850800E+001 3.637038231E+000
 2.975545400E+001 1.179234900E+001 3.392716646E+000
 2.944986900E+001 1.104485200E+001 3.234601259E+000
 2.869263600E+001 1.102677000E+001 3.273888588E+000
 2.833809400E+001 1.033250200E+001 3.182238340E+000
 2.747206400E+001 1.024352300E+001 3.182954311E+000
 2.708579100E+001 9.859435600E+000 3.123908043E+000
 3.210733100E+001 1.401104700E+001 3.730593681E+000
 3.341447100E+001 1.518804500E+001 3.748545408E+000
 3.489933900E+001 1.637344800E+001 3.717494726E+000
 2.394614000E+001 8.001716900E+000 2.995285273E+000
 2.458406300E+001 8.072597200E+000 2.998882055E+000
 2.507657900E+001 8.144422500E+000 2.997210026E+000
 2.578345300E+001 8.269089900E+000 2.997651815E+000
 2.644697300E+001 7.853239300E+000 3.014327765E+000
 2.744427300E+001 7.485055800E+000 3.032573462E+000
 2.718974900E+001 7.968871500E+000 3.003744364E+000
 2.809937200E+001 7.528560900E+000 3.039337397E+000
 2.980551900E+001 6.827821900E+000 3.115701675E+000
 3.076522700E+001 5.868114100E+000 3.269158125E+000
 3.053672500E+001 6.827821900E+000 3.130898714E+000
 2.876964400E+001 7.574261300E+000 3.046625614E+000
 2.925711500E+001 7.604728200E+000 3.051977396E+000
 3.198673400E+001 5.830422900E+000 3.286465406E+000
 3.229712300E+001 4.683198100E+000 3.615415335E+000
 3.382884200E+001 4.692004100E+000 3.668147326E+000
 3.411600300E+001 3.571840800E+000 3.862245321E+000
 3.437706400E+001 2.417591200E+000 4.011905670E+000
 3.439581900E+001 1.120462500E+000 4.113817692E+000
 3.602906300E+001 1.105134800E+000 4.098013401E+000
 3.647779300E+001 0.000000000E+000 4.105763912E+000
 2.677557400E+001 9.384136200E+000 3.054604530E+000
 2.628281100E+001 9.314067400E+000 3.048719883E+000
 2.610496500E+001 8.828591100E+000 2.980000019E+000
 2.561244900E+001 8.756765800E+000 2.980000019E+000
 2.511993200E+001 8.684940500E+000 2.980000019E+000
 2.462741600E+001 8.613115200E+000 2.980000019E+000
 2.413489900E+001 8.541289800E+000 2.980000019E+000
 3.238569800E+001 1.289553800E+001 3.616223335E+000
 3.123184700E+001 1.198244900E+001 3.429837465E+000
 3.071281400E+001 1.115569300E+001 3.248571634E+000
 2.997205900E+001 1.116589300E+001 3.249781370E+000
 2.965805200E+001 1.051018800E+001 3.146661043E+000
 2.904884100E+001 1.042134500E+001 3.161628723E+000
 2.835078600E+001 9.926361000E+000 3.110365152E+000
 2.771092600E+001 9.919327500E+000 3.121006489E+000
 2.740070900E+001 9.444028100E+000 3.046137571E+000
 3.363183700E+001 1.405379400E+001 3.692975044E+000
 3.502604100E+001 1.523562400E+001 3.747755289E+000
 3.626725000E+001 1.505545300E+001 3.729521990E+000
 3.689069800E+001 1.641211500E+001 3.687169313E+000
 2.627596900E+001 8.340915200E+000 2.994835138E+000
 2.676873200E+001 8.410984000E+000 2.991362810E+000
 2.793252400E+001 8.084503700E+000 3.009382248E+000
 2.751150800E+001 8.526616200E+000 2.991718769E+000
 2.835354500E+001 8.109988400E+000 3.015038013E+000
 2.989692000E+001 7.604728200E+000 3.059940338E+000
 3.148119900E+001 6.675487400E+000 3.149152279E+000
 3.132886500E+001 7.345759500E+000 3.086681366E+000
 3.050625800E+001 7.741829300E+000 3.058413982E+000
 2.877456600E+001 8.135473100E+000 3.018597841E+000
 2.931382600E+001 8.271343800E+000 3.018250465E+000
 3.351438400E+001 5.809851500E+000 3.407962561E+000
 3.236474000E+001 6.751654600E+000 3.148352385E+000
 3.505055300E+001 5.825951700E+000 3.469183683E+000
 3.537096800E+001 4.704096800E+000 3.725013733E+000
 3.564063900E+001 3.561164300E+000 3.904697418E+000
 3.583383600E+001 2.334795400E+000 4.029484749E+000
 3.736683900E+001 2.352313500E+000 4.031714916E+000
 3.768085100E+001 1.137734400E+000 4.117367268E+000
 3.846950100E+001 0.000000000E+000 4.155680656E+000
 2.709049100E+001 8.968728700E+000 2.980000019E+000
 2.659772800E+001 8.898659900E+000 2.980000019E+000
 3.383573800E+001 1.291246600E+001 3.549903870E+000
 3.262795600E+001 1.205860000E+001 3.435870171E+000
 3.204773900E+001 1.118067600E+001 3.242930174E+000
 3.134868900E+001 1.117234500E+001 3.250127077E+000
 3.082453800E+001 1.055608900E+001 3.136275053E+000
 3.018866300E+001 1.053943700E+001 3.135416746E+000
 3.011940800E+001 9.953290800E+000 3.047461510E+000
 2.959721800E+001 9.832250200E+000 3.049158573E+000
 2.910394100E+001 9.765847600E+000 3.061462402E+000
 2.838726200E+001 9.576833400E+000 3.047422647E+000
 2.789398500E+001 9.510430800E+000 3.044313669E+000
 2.758376800E+001 9.035131400E+000 2.980000019E+000
 3.506314400E+001 1.403554700E+001 3.684540987E+000
 3.772203400E+001 1.531629900E+001 3.715518236E+000
 3.656191300E+001 1.409300200E+001 3.723662615E+000
 3.888205600E+001 1.645078200E+001 3.676895857E+000
 2.800478400E+001 8.593018800E+000 2.993151426E+000
 2.842580600E+001 8.618503500E+000 2.997260094E+000
 3.034611700E+001 8.419823900E+000 3.022416830E+000
 2.985308600E+001 8.407214600E+000 3.018242598E+000
 3.215147100E+001 7.421926700E+000 3.091266632E+000
 3.160275900E+001 8.149614000E+000 3.029654026E+000
 3.108661400E+001 8.008204400E+000 3.043080330E+000
 3.083914700E+001 8.432433300E+000 3.020795584E+000
 2.891908200E+001 8.684906200E+000 2.997340679E+000
 2.945834200E+001 8.820776900E+000 2.995236635E+000
 3.346154900E+001 6.827821900E+000 3.222391367E+000
 3.471545900E+001 6.910219300E+000 3.246995449E+000
 3.292837800E+001 7.650428600E+000 3.082306147E+000
 3.621663500E+001 6.962215100E+000 3.252862692E+000
 3.657509500E+001 5.864582300E+000 3.538969517E+000
 3.689177500E+001 4.724941500E+000 3.785275459E+000
 3.713993400E+001 3.559432200E+000 3.911308289E+000
 3.865922000E+001 3.591201700E+000 3.897583485E+000
 3.889397700E+001 2.439291500E+000 4.010616779E+000
 3.914206900E+001 1.367435400E+000 4.092231750E+000
 4.046121000E+001 0.000000000E+000 4.071239471E+000
 3.532367200E+001 1.298609200E+001 3.545510530E+000
 3.500134100E+001 1.219821100E+001 3.336183786E+000
 3.380830200E+001 1.209667600E+001 3.367618322E+000
 3.334355900E+001 1.130355800E+001 3.238526106E+000
 3.278499900E+001 1.128473100E+001 3.254973412E+000
 3.219767300E+001 1.067679700E+001 3.142359257E+000
 3.146041300E+001 1.057274100E+001 3.132725954E+000
 3.124855900E+001 1.003634500E+001 3.040104628E+000
 3.061268400E+001 1.001969400E+001 3.046449423E+000
 3.054342900E+001 9.433547300E+000 2.980000019E+000
 3.005015200E+001 9.367144700E+000 2.980000019E+000
 2.955687500E+001 9.300742000E+000 2.980000019E+000
 2.906359800E+001 9.234339300E+000 2.980000019E+000
 2.857032100E+001 9.167936700E+000 2.980000019E+000
 2.807704500E+001 9.101534000E+000 2.980000019E+000
 3.936954600E+001 1.536975400E+001 3.715414762E+000
 3.808294300E+001 1.423095400E+001 3.694020987E+000
 3.683433000E+001 1.307495100E+001 3.594210386E+000
 4.087341400E+001 1.648944900E+001 3.688851833E+000
 3.044465000E+001 8.899789000E+000 3.000639200E+000
 2.995161900E+001 8.887179600E+000 3.001064777E+000
 3.241253700E+001 8.323251200E+000 3.022142172E+000
 3.135529300E+001 8.573842900E+000 3.007133961E+000
 3.187143800E+001 8.715252600E+000 2.996284008E+000
 3.093792700E+001 8.966191600E+000 3.000586271E+000
 3.384238500E+001 7.726595900E+000 3.095300913E+000
 3.478685900E+001 7.772296300E+000 3.108986855E+000
 3.547236500E+001 7.833230100E+000 3.099814415E+000
 3.283592900E+001 8.397311200E+000 3.023240328E+000
 3.346044700E+001 8.469972100E+000 3.029936075E+000
 3.626450500E+001 7.863697000E+000 3.089601994E+000
 3.691954300E+001 7.924630800E+000 3.092232466E+000
 3.774441700E+001 6.999057900E+000 3.266271830E+000
 3.811023600E+001 5.887993300E+000 3.514020681E+000
 3.841927400E+001 4.743780400E+000 3.742061377E+000
 3.993889200E+001 4.769121400E+000 3.747812271E+000
 4.018194700E+001 3.621102900E+000 3.897192955E+000
 4.039909700E+001 2.447282800E+000 4.002784252E+000
 4.038529700E+001 1.143951500E+000 4.068672657E+000
 4.201052300E+001 1.120841100E+000 4.047178745E+000
 4.245291800E+001 0.000000000E+000 4.050681591E+000
 3.619437900E+001 1.228705400E+001 3.382837296E+000
 3.578848500E+001 1.150809300E+001 3.197409391E+000
 3.519456400E+001 1.145152900E+001 3.178084373E+000
 3.472473200E+001 1.139747500E+001 3.171101570E+000
 3.406717700E+001 1.134798100E+001 3.197903395E+000
 3.365855100E+001 1.082527500E+001 3.132090569E+000
 3.293493300E+001 1.078085200E+001 3.143849373E+000
 3.247886700E+001 1.020843800E+001 3.048837185E+000
 3.174160700E+001 1.010438300E+001 3.049975872E+000
 3.152975400E+001 9.567987400E+000 2.980000019E+000
 3.103670600E+001 9.499950000E+000 2.980000019E+000
 4.100466100E+001 1.538904000E+001 3.726104021E+000
 3.961081100E+001 1.426751800E+001 3.695328712E+000
 3.834633500E+001 1.316597100E+001 3.576894760E+000
 3.713358000E+001 1.229974600E+001 3.413414240E+000
 4.225116600E+001 1.518562600E+001 3.733832836E+000
 4.286477300E+001 1.652811600E+001 3.734276056E+000
 3.271822100E+001 8.863372700E+000 2.996640682E+000
 3.229483000E+001 8.789312600E+000 2.994425774E+000
 3.145407200E+001 9.107601300E+000 2.988102436E+000
 3.194711900E+001 9.175638700E+000 2.983644247E+000
 3.416064100E+001 8.490859500E+000 3.040108681E+000
 3.484916100E+001 8.515890700E+000 3.041066170E+000
 3.557846800E+001 8.555782300E+000 3.036304951E+000
 3.334274000E+001 8.936033600E+000 3.002135754E+000
 3.396725800E+001 9.008694500E+000 3.003934860E+000
 3.630479200E+001 8.636400400E+000 3.031548738E+000
 3.780308400E+001 7.909397400E+000 3.127067566E+000
 3.704135700E+001 8.660991300E+000 3.038176775E+000
 3.875814300E+001 7.908349200E+000 3.153274059E+000
 3.926781500E+001 7.029379200E+000 3.309948444E+000
 3.963893500E+001 5.918263600E+000 3.545451641E+000
 4.118562700E+001 5.921849300E+000 3.585872412E+000
 4.146550500E+001 4.762031400E+000 3.788680553E+000
 4.168269700E+001 3.588698600E+000 3.887651682E+000
 4.183453500E+001 2.345706900E+000 3.986179590E+000
 4.335914900E+001 2.348964800E+000 3.942643166E+000
 4.366066100E+001 1.148679400E+000 3.993402958E+000
 4.444462700E+001 0.000000000E+000 3.966663122E+000
 3.679872700E+001 1.159345900E+001 3.235150337E+000
 3.636826400E+001 1.156465700E+001 3.220722198E+000
 3.590161200E+001 1.103437100E+001 3.107612133E+000
 3.532183300E+001 1.097780700E+001 3.088672638E+000
 3.485200100E+001 1.092375300E+001 3.095487356E+000
 3.438216900E+001 1.086969800E+001 3.107776165E+000
 3.418751800E+001 1.039651200E+001 3.037914276E+000
 3.346390000E+001 1.035208900E+001 3.048908234E+000
 3.297138300E+001 1.028026400E+001 3.044907570E+000
 3.300783400E+001 9.779675500E+000 2.980000019E+000
 3.251531800E+001 9.707850200E+000 2.980000019E+000
 3.202280100E+001 9.636024900E+000 2.980000019E+000
 4.105275600E+001 1.421512900E+001 3.696007729E+000
 3.969203300E+001 1.314970700E+001 3.541669130E+000
 3.858045600E+001 1.238858900E+001 3.400796175E+000
 3.799793200E+001 1.163864600E+001 3.256418467E+000
 3.725373700E+001 1.160901400E+001 3.245707512E+000
 4.369492700E+001 1.538475900E+001 3.742377043E+000
 4.254195100E+001 1.420930800E+001 3.687646151E+000
 4.485388500E+001 1.648144600E+001 3.716851711E+000
 3.286302800E+001 9.321524100E+000 2.985342026E+000
 3.237051100E+001 9.249698800E+000 2.985156775E+000
 3.465577800E+001 9.033725700E+000 3.003435373E+000
 3.534429800E+001 9.058756900E+000 3.005217552E+000
 3.607062200E+001 9.139375000E+000 3.004753828E+000
 3.348754600E+001 9.394185000E+000 2.992094278E+000
 3.398006300E+001 9.466010300E+000 2.989858866E+000
 3.447257900E+001 9.537835600E+000 2.989520550E+000
 3.679694600E+001 9.219993000E+000 3.007142782E+000
 3.777574600E+001 8.635616500E+000 3.059617519E+000
 3.853216800E+001 8.651333100E+000 3.076004505E+000
 3.753133400E+001 9.194618200E+000 3.013388157E+000
 3.984077000E+001 8.663337300E+000 3.086051702E+000
 3.907531000E+001 8.657663600E+000 3.085632801E+000
 4.033193800E+001 7.971808700E+000 3.158797979E+000
 4.083634500E+001 7.045263100E+000 3.319648266E+000
 4.205321800E+001 7.117257600E+000 3.292716980E+000
 4.271783400E+001 5.926587700E+000 3.559353113E+000
 4.296586700E+001 4.741739100E+000 3.744907618E+000
 4.316045700E+001 3.555323900E+000 3.858902216E+000
 4.466613900E+001 3.561997600E+000 3.846096992E+000
 4.488025800E+001 2.426059600E+000 3.921626329E+000
 4.512155900E+001 1.374176400E+000 3.951690197E+000
 4.643633500E+001 0.000000000E+000 3.959357738E+000
 3.693640200E+001 1.110648900E+001 3.146217108E+000
 3.648139200E+001 1.109093500E+001 3.132972002E+000
 3.622216300E+001 1.065078100E+001 3.047391891E+000
 3.564238300E+001 1.059421700E+001 3.030166864E+000
 3.514986700E+001 1.052239200E+001 3.024164438E+000
 3.468003500E+001 1.046833800E+001 3.027921438E+000
 3.448538400E+001 9.995151500E+000 2.980000019E+000
 3.399286700E+001 9.923326100E+000 2.980000019E+000
 3.350035100E+001 9.851500800E+000 2.980000019E+000
 4.131274200E+001 1.317011700E+001 3.574451208E+000
 4.012886800E+001 1.240128100E+001 3.368412971E+000
 3.950252500E+001 1.168548200E+001 3.221501827E+000
 3.875591500E+001 1.168384100E+001 3.243745327E+000
 3.814939500E+001 1.116723900E+001 3.163177013E+000
 3.739141100E+001 1.112204300E+001 3.153626204E+000
 4.531704800E+001 1.533468400E+001 3.736043215E+000
 4.403651900E+001 1.426250100E+001 3.674037933E+000
 4.280060600E+001 1.316775500E+001 3.530153513E+000
 4.684045300E+001 1.633808600E+001 3.676800251E+000
 3.516109900E+001 9.562866900E+000 2.993098021E+000
 3.565361600E+001 9.634692200E+000 2.987349272E+000
 3.637994000E+001 9.715310200E+000 2.987080574E+000
 3.497790000E+001 1.006697700E+001 2.980000019E+000
 3.737361100E+001 9.739859300E+000 2.988639832E+000
 3.687588500E+001 9.739859300E+000 2.991870403E+000
 3.826572300E+001 9.169243400E+000 3.028853416E+000
 3.880886500E+001 9.175573900E+000 3.040035248E+000
 3.810800000E+001 9.714484500E+000 2.996556520E+000
 4.043469100E+001 8.670407800E+000 3.078600645E+000
 3.994592800E+001 9.188974900E+000 3.033059120E+000
 3.935200800E+001 9.181904400E+000 3.041947603E+000
 4.111962800E+001 8.644547800E+000 3.065658092E+000
 4.165189500E+001 7.921041100E+000 3.125352621E+000
 4.333282900E+001 7.132491100E+000 3.310064316E+000
 4.240358800E+001 7.939864300E+000 3.144607782E+000
 4.423863000E+001 5.887504800E+000 3.557730675E+000
 4.446079000E+001 4.703186600E+000 3.729982853E+000
 4.597581100E+001 4.708902900E+000 3.753576994E+000
 4.618600100E+001 3.588050500E+000 3.837196827E+000
 4.638490800E+001 2.438879400E+000 3.908956766E+000
 4.636305700E+001 1.157328000E+000 3.953744411E+000
 4.798243100E+001 1.139101800E+000 3.944030285E+000
 4.842804400E+001 0.000000000E+000 3.948734522E+000
 3.717311800E+001 1.069088400E+001 3.067589045E+000
 3.671810800E+001 1.067533000E+001 3.066112995E+000
 3.645887900E+001 1.023517600E+001 2.980000019E+000
 3.596293300E+001 1.021062700E+001 2.980000019E+000
 3.547041700E+001 1.013880200E+001 2.980000019E+000
 4.240358800E+001 1.244896800E+001 3.373494864E+000
 4.126107900E+001 1.243373400E+001 3.374933004E+000
 4.096913700E+001 1.165758900E+001 3.209911823E+000
 4.022985500E+001 1.165366000E+001 3.207444429E+000
 3.963470800E+001 1.118061300E+001 3.137711287E+000
 3.890737800E+001 1.121243500E+001 3.162976265E+000
 3.842882700E+001 1.073608000E+001 3.075513124E+000
 3.767084400E+001 1.069088400E+001 3.067633390E+000
 4.692754500E+001 1.522722600E+001 3.712412596E+000
 4.552890300E+001 1.420218200E+001 3.699537039E+000
 4.427884400E+001 1.316688700E+001 3.522402048E+000
 4.356133000E+001 1.244896800E+001 3.359318733E+000
 4.814114500E+001 1.493636600E+001 3.684810638E+000
 4.882702100E+001 1.619472500E+001 3.658114910E+000
 3.795027700E+001 1.025972600E+001 2.980000019E+000
 3.745255100E+001 1.025972600E+001 2.980000019E+000
 3.695482400E+001 1.025972600E+001 2.980000019E+000
 3.860572600E+001 9.714484500E+000 3.009482145E+000
 3.914886800E+001 9.720815000E+000 3.007298946E+000
 3.844800300E+001 1.025972600E+001 2.980000019E+000
 4.053984900E+001 9.196045400E+000 3.028154373E+000
 4.024051500E+001 9.727885500E+000 3.002653599E+000
 3.964659500E+001 9.720815000E+000 3.006115913E+000
 4.172769000E+001 8.644547800E+000 3.059218168E+000
 4.114791000E+001 9.196045400E+000 3.024278879E+000
 4.339068500E+001 7.971808700E+000 3.166234016E+000
 4.414020200E+001 7.955097700E+000 3.176894188E+000
 4.453627200E+001 7.132491100E+000 3.316595793E+000
 4.235696300E+001 8.644547800E+000 3.065862894E+000
 4.323410800E+001 8.678950800E+000 3.079023123E+000
 4.574235800E+001 5.858153200E+000 3.567560196E+000
 4.727897400E+001 5.836191900E+000 3.545614481E+000
 4.748932100E+001 4.712729400E+000 3.709630013E+000
 4.767817200E+001 3.570368200E+000 3.804773331E+000
 4.781193600E+001 2.349500200E+000 3.881919384E+000
 4.932445700E+001 2.361860100E+000 3.826806784E+000
 4.962339100E+001 1.169048200E+000 3.834851742E+000
 5.041975200E+001 0.000000000E+000 3.772979259E+000
 4.319708900E+001 1.164640200E+001 3.201230526E+000
 4.247148100E+001 1.168439000E+001 3.210767984E+000
 4.172702000E+001 1.169077700E+001 3.216310978E+000
 4.111992100E+001 1.118198000E+001 3.118342876E+000
 4.036203800E+001 1.114879100E+001 3.113076925E+000
 4.015161000E+001 1.070425800E+001 3.042648792E+000
 3.942428000E+001 1.073608000E+001 3.066930532E+000
 3.892655400E+001 1.073608000E+001 3.070896864E+000
 4.693265900E+001 1.405597800E+001 3.672846317E+000
 4.571981800E+001 1.308363700E+001 3.522627115E+000
 4.456673900E+001 1.244896800E+001 3.344478846E+000
 4.392739500E+001 1.163567200E+001 3.189491272E+000
 4.957324700E+001 1.505775900E+001 3.695279837E+000
 4.836704200E+001 1.396215400E+001 3.629243135E+000
 5.081358800E+001 1.605136500E+001 3.675039768E+000
 3.894572900E+001 1.025972600E+001 2.980000019E+000
 3.944345500E+001 1.025972600E+001 2.980000019E+000
 4.073824100E+001 9.727885500E+000 2.998785257E+000
 4.043890800E+001 1.025972600E+001 2.980000019E+000
 3.994118200E+001 1.025972600E+001 2.980000019E+000
 4.175597200E+001 9.196045400E+000 3.020314455E+000
 4.134630300E+001 9.727885500E+000 3.000607014E+000
 4.385744300E+001 8.685179700E+000 3.087852001E+000
 4.470973900E+001 8.723963900E+000 3.081270695E+000
 4.509991000E+001 7.985564600E+000 3.169189453E+000
 4.590728300E+001 7.086790700E+000 3.286774635E+000
 4.238524400E+001 9.196045400E+000 3.017976999E+000
 4.301451700E+001 9.196045400E+000 3.026361942E+000
 4.363785300E+001 9.202274300E+000 3.036933899E+000
 4.703371500E+001 6.904123300E+000 3.311547518E+000
 4.858506000E+001 6.962265500E+000 3.292806149E+000
 4.879806800E+001 5.877989700E+000 3.470353603E+000
 4.897710600E+001 4.724986500E+000 3.648102045E+000
 4.914300300E+001 3.556057000E+000 3.757238150E+000
 5.062156400E+001 3.574103700E+000 3.692574739E+000
 5.082242400E+001 2.439723600E+000 3.736557007E+000
 5.106690700E+001 1.391186300E+000 3.742282152E+000
 5.241146000E+001 1.795657400E-004 3.680632591E+000
 4.332902100E+001 1.113919100E+001 3.109966993E+000
 4.260341300E+001 1.117717900E+001 3.117380619E+000
 4.187780400E+001 1.121516800E+001 3.125837088E+000
 4.140721900E+001 1.073744700E+001 3.040013313E+000
 4.064933600E+001 1.070425800E+001 3.035082102E+000
 4.717285400E+001 1.299792300E+001 3.523177624E+000
 4.677559000E+001 1.232710000E+001 3.355243444E+000
 4.563308100E+001 1.235756700E+001 3.339321613E+000
 4.542048600E+001 1.162411300E+001 3.161622286E+000
 4.468353100E+001 1.165778700E+001 3.168153763E+000
 4.408515700E+001 1.116130600E+001 3.111109972E+000
 5.116129100E+001 1.491551500E+001 3.730160475E+000
 4.976298200E+001 1.394556500E+001 3.646723032E+000
 4.859843900E+001 1.290567700E+001 3.464468002E+000
 5.280015600E+001 1.590800400E+001 3.723683596E+000
 4.093663400E+001 1.025972600E+001 2.980000019E+000
 4.184402900E+001 9.727885500E+000 2.999564648E+000
 4.143436000E+001 1.025972600E+001 2.980000019E+000
 4.426118800E+001 9.208503200E+000 3.038875103E+000
 4.481862300E+001 9.230556200E+000 3.030475616E+000
 4.526717400E+001 8.746016900E+000 3.069718599E+000
 4.572448100E+001 7.939864300E+000 3.147500515E+000
 4.657755500E+001 7.878930500E+000 3.127467394E+000
 4.247330200E+001 9.727885500E+000 2.995245695E+000
 4.346875400E+001 9.727885500E+000 3.006541729E+000
 4.297102800E+001 9.727885500E+000 2.999984980E+000
 4.409209000E+001 9.734114400E+000 3.007778406E+000
 4.774400600E+001 7.743354500E+000 3.172616720E+000
 4.854359600E+001 7.730662600E+000 3.181829453E+000
 4.920357500E+001 7.705278900E+000 3.183938265E+000
 5.009812000E+001 7.041907600E+000 3.245098352E+000
 5.026727200E+001 5.886464000E+000 3.418329954E+000
 5.043656800E+001 4.714385000E+000 3.588800430E+000
 5.191903400E+001 4.717977600E+000 3.519328833E+000
 5.211118000E+001 3.592639900E+000 3.615701675E+000
 5.230211600E+001 2.442569600E+000 3.663563013E+000
 5.229816400E+001 1.169769300E+000 3.692203283E+000
 5.390192300E+001 1.142649000E+000 3.683437347E+000
 5.440316900E+001 1.022179300E-002 3.684155941E+000
 4.362600600E+001 1.069945800E+001 3.035531282E+000
 4.312828000E+001 1.069945800E+001 3.033286333E+000
 4.240267200E+001 1.073744700E+001 3.040175676E+000
 4.190494500E+001 1.073744700E+001 3.043941498E+000
 4.788763200E+001 1.229663300E+001 3.353755951E+000
 4.763150200E+001 1.149790400E+001 3.201148272E+000
 4.687916100E+001 1.152608000E+001 3.197138548E+000
 4.614943700E+001 1.156637200E+001 3.179541111E+000
 4.557024500E+001 1.112568000E+001 3.087956905E+000
 4.484129400E+001 1.118342100E+001 3.102010250E+000
 4.438214300E+001 1.072157300E+001 3.036290407E+000
 5.240175900E+001 1.425415800E+001 3.747513533E+000
 5.098679200E+001 1.379842800E+001 3.714865446E+000
 4.998582500E+001 1.283885200E+001 3.517242908E+000
 4.912154200E+001 1.217476500E+001 3.330635071E+000
 5.350493700E+001 1.502913100E+001 3.757122993E+000
 5.478022600E+001 1.569531900E+001 3.708981276E+000
 4.193208600E+001 1.025972600E+001 2.980000019E+000
 4.458981600E+001 9.734114400E+000 3.011525631E+000
 4.514725100E+001 9.756167400E+000 3.000907660E+000
 4.537605800E+001 9.252609200E+000 3.024176598E+000
 4.590351700E+001 8.710664500E+000 3.058498144E+000
 4.735387600E+001 8.526460800E+000 3.076799154E+000
 4.670339200E+001 8.597165600E+000 3.064874172E+000
 4.292753900E+001 1.025972600E+001 2.980000019E+000
 4.242981300E+001 1.025972600E+001 2.980000019E+000
 4.392299100E+001 1.025972600E+001 2.980000019E+000
 4.342526500E+001 1.025972600E+001 2.980000019E+000
 4.442307400E+001 1.023039300E+001 2.980000019E+000
 4.810226300E+001 8.497229600E+000 3.089293718E+000
 4.869618300E+001 8.433595300E+000 3.101527452E+000
 4.999047200E+001 7.781430200E+000 3.151269674E+000
 4.938502200E+001 8.382939900E+000 3.098370790E+000
 5.049814800E+001 7.781430200E+000 3.129709005E+000
 5.105659200E+001 7.768738300E+000 3.113759995E+000
 5.153944500E+001 7.025082500E+000 3.191079378E+000
 5.171526700E+001 5.852213000E+000 3.362263203E+000
 5.321259400E+001 5.823779800E+000 3.318536758E+000
 5.339244800E+001 4.699886100E+000 3.458077192E+000
 5.356198500E+001 3.550547200E+000 3.592605591E+000
 5.370102000E+001 2.335257900E+000 3.665758371E+000
 5.518792000E+001 2.329509900E+000 3.710517406E+000
 5.552722500E+001 1.164091700E+000 3.750643969E+000
 5.639487700E+001 2.026402100E-002 3.797054768E+000
 4.835468500E+001 1.143982300E+001 3.200469255E+000
 4.780387800E+001 1.101158600E+001 3.131984949E+000
 4.705153700E+001 1.103976300E+001 3.122018337E+000
 4.629919500E+001 1.106793900E+001 3.099092722E+000
 4.610654600E+001 1.066383200E+001 3.031797171E+000
 4.537759500E+001 1.072157300E+001 3.032009363E+000
 4.487986900E+001 1.072157300E+001 3.033549309E+000
 5.404919200E+001 1.418077100E+001 3.750729084E+000
 5.288337200E+001 1.305671800E+001 3.654093742E+000
 5.143325100E+001 1.291042400E+001 3.625446796E+000
 5.033315400E+001 1.198244900E+001 3.345970631E+000
 4.978680000E+001 1.131183800E+001 3.175350428E+000
 4.907001100E+001 1.133254900E+001 3.183940649E+000
 5.531547700E+001 1.488524700E+001 3.726467133E+000
 5.675883200E+001 1.546701800E+001 3.669472218E+000
 4.491844400E+001 1.025972600E+001 2.980000019E+000
 4.564497700E+001 9.756167400E+000 2.996979713E+000
 4.541617000E+001 1.025972600E+001 2.980000019E+000
 4.601240200E+001 9.217256800E+000 3.020797729E+000
 4.664874500E+001 9.181904400E+000 3.025439262E+000
 4.794971400E+001 9.040494800E+000 3.038409948E+000
 4.729923000E+001 9.111199600E+000 3.031544924E+000
 4.854363400E+001 8.976860400E+000 3.049361229E+000
 4.913755500E+001 8.913226100E+000 3.050964832E+000
 4.993652000E+001 8.291023700E+000 3.088065147E+000
 5.043852400E+001 8.234459800E+000 3.078283072E+000
 4.968905300E+001 8.821309800E+000 3.046170712E+000
 5.105009900E+001 8.104872700E+000 3.076711655E+000
 5.167849500E+001 7.882965400E+000 3.091751814E+000
 5.218617100E+001 7.641819400E+000 3.111536026E+000
 5.282076600E+001 6.829537900E+000 3.193839312E+000
 5.370681300E+001 6.507919300E+000 3.205930233E+000
 5.452942000E+001 5.731013000E+000 3.282041550E+000
 5.482596100E+001 4.664161300E+000 3.431853771E+000
 5.498857300E+001 3.503021700E+000 3.609434843E+000
 5.643303100E+001 3.490775100E+000 3.576808214E+000
 5.665326100E+001 2.388879000E+000 3.699986458E+000
 5.693631200E+001 1.376089200E+000 3.778699636E+000
 5.838658600E+001 3.030624800E-002 3.785391569E+000
 4.851920500E+001 1.090431200E+001 3.121304989E+000
 4.833902200E+001 1.045212400E+001 3.049320936E+000
 4.784629900E+001 1.052251300E+001 3.056151867E+000
 4.735357500E+001 1.059290200E+001 3.058903933E+000
 4.660123400E+001 1.062107900E+001 3.038485289E+000
 4.640858400E+001 1.021697200E+001 2.980000019E+000
 4.591389600E+001 1.025972600E+001 2.980000019E+000
 5.565040600E+001 1.409985000E+001 3.746919870E+000
 5.435905600E+001 1.303029800E+001 3.694160700E+000
 5.321635500E+001 1.194135300E+001 3.462648630E+000
 5.207683300E+001 1.190056300E+001 3.417837143E+000
 5.119329200E+001 1.197673000E+001 3.393786192E+000
 5.045247600E+001 1.117225500E+001 3.167419672E+000
 4.990020800E+001 1.065745500E+001 3.091286421E+000
 4.923453200E+001 1.079703800E+001 3.107130527E+000
 5.724263700E+001 1.421079000E+001 3.710246801E+000
 5.873743800E+001 1.523871800E+001 3.677633047E+000
 4.628132100E+001 9.720815000E+000 2.997511625E+000
 4.726873200E+001 9.607672400E+000 3.003530741E+000
 4.677600800E+001 9.678061500E+000 2.998557806E+000
 4.841194100E+001 9.466578400E+000 3.010013103E+000
 4.791921700E+001 9.536967500E+000 3.004284382E+000
 4.900586100E+001 9.402944100E+000 3.011303425E+000
 4.949858500E+001 9.332555000E+000 3.009532690E+000
 5.024055000E+001 8.729393500E+000 3.038945675E+000
 5.085212500E+001 8.599806400E+000 3.034512520E+000
 5.005008200E+001 9.240638700E+000 3.001637220E+000
 5.146370100E+001 8.470219300E+000 3.038436890E+000
 5.205410800E+001 8.260423300E+000 3.052247047E+000
 5.279617900E+001 7.453714400E+000 3.121174812E+000
 5.264451400E+001 8.050627300E+000 3.061069965E+000
 5.353011800E+001 7.277962700E+000 3.121508837E+000
 5.423398100E+001 7.167827400E+000 3.112412930E+000
 5.463605400E+001 6.431752000E+000 3.179105043E+000
 5.548912700E+001 6.325117800E+000 3.146858931E+000
 5.562622800E+001 5.578678500E+000 3.249434233E+000
 5.602229800E+001 4.558036800E+000 3.408995390E+000
 5.751517700E+001 4.512336500E+000 3.354900122E+000
 5.788588500E+001 3.488056400E+000 3.516547918E+000
 5.810317500E+001 2.390146500E+000 3.662379980E+000
 5.815018600E+001 1.165261500E+000 3.771231890E+000
 5.968261300E+001 1.163898700E+000 3.697546482E+000
 6.037829400E+001 4.034847600E-002 3.690117836E+000
 4.905434900E+001 1.034485000E+001 3.042083740E+000
 4.887416700E+001 9.892662100E+000 2.980000019E+000
 4.838144300E+001 9.963051200E+000 2.980000019E+000
 4.788871900E+001 1.003344000E+001 2.980000019E+000
 4.739599500E+001 1.010382900E+001 2.980000019E+000
 4.690327200E+001 1.017421900E+001 2.980000019E+000
 5.584373500E+001 1.304776100E+001 3.722144604E+000
 5.468359900E+001 1.193917400E+001 3.570271492E+000
 5.410288300E+001 1.107795600E+001 3.303468943E+000
 5.297560700E+001 1.130645800E+001 3.327700138E+000
 5.227501400E+001 1.077671800E+001 3.215263605E+000
 5.166580300E+001 1.091632900E+001 3.210120440E+000
 5.110735900E+001 1.104324800E+001 3.187472582E+000
 5.056588400E+001 1.051787200E+001 3.085825682E+000
 5.021274900E+001 1.013487800E+001 3.039897203E+000
 4.954707300E+001 1.027446100E+001 3.043319225E+000
 5.876622300E+001 1.374389100E+001 3.726063013E+000
 5.716571300E+001 1.305612000E+001 3.705994844E+000
 6.009529500E+001 1.342511900E+001 3.759218216E+000
 6.071604400E+001 1.501041700E+001 3.739962339E+000
 4.936689100E+001 9.822273000E+000 2.980000019E+000
 4.985961500E+001 9.751883900E+000 2.980000019E+000
 5.054280600E+001 9.170249600E+000 3.000113010E+000
 5.115438100E+001 9.040662400E+000 2.997161627E+000
 5.032954300E+001 9.658451600E+000 2.980000019E+000
 5.163514500E+001 8.913788500E+000 2.999399900E+000
 5.211411200E+001 8.778428400E+000 3.006815434E+000
 5.270451800E+001 8.568632400E+000 3.010869503E+000
 5.337845300E+001 7.874875600E+000 3.060931683E+000
 5.318348500E+001 8.433272300E+000 3.016797543E+000
 5.411239200E+001 7.699123900E+000 3.061985493E+000
 5.471616500E+001 7.074900700E+000 3.102062464E+000
 5.459457600E+001 7.606197300E+000 3.056567907E+000
 5.526059300E+001 7.011266400E+000 3.083420038E+000
 5.609238500E+001 6.788813300E+000 3.080841541E+000
 5.569860600E+001 6.906947200E+000 3.078436613E+000
 5.609846600E+001 6.142316400E+000 3.150730848E+000
 5.657070300E+001 5.334943100E+000 3.254715443E+000
 5.747815200E+001 5.605610600E+000 3.186122656E+000
 5.872512900E+001 5.349703100E+000 3.150259733E+000
 5.910122500E+001 4.521727700E+000 3.235318899E+000
 5.930433100E+001 3.442485000E+000 3.394784927E+000
 5.947746200E+001 2.310659700E+000 3.592402935E+000
 6.092750300E+001 2.359898800E+000 3.454748869E+000
 6.113325100E+001 1.354222800E+000 3.590554953E+000
 6.236842600E+001 1.080052900E+000 3.562937260E+000
 6.281164400E+001 0.000000000E+000 3.652756691E+000
 5.610553900E+001 1.196698500E+001 3.658623457E+000
 5.500377200E+001 1.094171300E+001 3.299551725E+000
 5.447125100E+001 1.023025200E+001 3.156301498E+000
 5.375442500E+001 1.028155300E+001 3.161626101E+000
 5.306080000E+001 1.046270500E+001 3.184223652E+000
 5.253363400E+001 1.001386200E+001 3.116535664E+000
 5.210892600E+001 1.013198200E+001 3.111349583E+000
 5.168421700E+001 1.025010200E+001 3.104864597E+000
 5.112505100E+001 1.038398700E+001 3.091492176E+000
 5.070547300E+001 1.006448900E+001 3.039303303E+000
 5.901708400E+001 1.230291600E+001 3.678257704E+000
 5.761710600E+001 1.219149200E+001 3.628758192E+000
 6.152298500E+001 1.354507400E+001 3.803254604E+000
 6.042261200E+001 1.219488100E+001 3.732748985E+000
 6.269465000E+001 1.478211600E+001 3.852926016E+000
 5.084506200E+001 9.611105600E+000 2.980000019E+000
 5.132582600E+001 9.484231700E+000 2.980000019E+000
 5.180658900E+001 9.357357800E+000 2.980000019E+000
 5.276452200E+001 9.086637600E+000 2.980000019E+000
 5.228555600E+001 9.221997700E+000 2.980000019E+000
 5.324348900E+001 8.951277400E+000 2.980000019E+000
 5.391742400E+001 8.257520600E+000 3.015912056E+000
 5.372245600E+001 8.815917300E+000 2.980000019E+000
 5.439639100E+001 8.122160500E+000 3.017297983E+000
 5.507676000E+001 7.513270600E+000 3.045309067E+000
 5.487857400E+001 8.029233800E+000 3.014162779E+000
 5.551477300E+001 7.408951400E+000 3.038400650E+000
 5.595278600E+001 7.304632200E+000 3.038453102E+000
 5.634656600E+001 7.186498300E+000 3.041075468E+000
 5.657756800E+001 6.601083700E+000 3.089270353E+000
 5.678397100E+001 5.852880700E+000 3.169088125E+000
 5.710924900E+001 6.336987500E+000 3.104593039E+000
 5.754240600E+001 6.250356100E+000 3.103480339E+000
 5.798343900E+001 6.100719900E+000 3.103499651E+000
 5.860692700E+001 5.972766200E+000 3.086814404E+000
 5.903220900E+001 5.854632300E+000 3.081107855E+000
 5.952049600E+001 5.641991400E+000 3.074589014E+000
 5.970854400E+001 5.228003700E+000 3.097709656E+000
 6.028360200E+001 4.329234000E+000 3.181909323E+000
 6.074222200E+001 3.435207600E+000 3.297313929E+000
 6.161297700E+001 3.339360300E+000 3.267275572E+000
 6.234603300E+001 2.271319800E+000 3.380085230E+000
 6.378169900E+001 2.141033900E+000 3.333611250E+000
 6.398438700E+001 1.029027500E+000 3.540367126E+000
 6.508152900E+001 2.691889500E-002 3.682910919E+000
 5.643854300E+001 1.093786200E+001 3.398655415E+000
 5.593028100E+001 1.044672900E+001 3.246852875E+000
 5.515642700E+001 1.000973500E+001 3.133717775E+000
 5.460606100E+001 9.431041000E+000 3.050655842E+000
 5.392088400E+001 9.651557500E+000 3.075630665E+000
 5.322726000E+001 9.832709700E+000 3.103586912E+000
 5.264907800E+001 9.550249700E+000 3.054987669E+000
 5.217011200E+001 9.685609800E+000 3.053073406E+000
 5.174540300E+001 9.803730000E+000 3.045138121E+000
 5.126464000E+001 9.930604000E+000 3.039276600E+000
 5.927668400E+001 1.100993900E+001 3.509571791E+000
 5.792332000E+001 1.109079800E+001 3.454124689E+000
 6.308716700E+001 1.332232000E+001 3.819918871E+000
 6.183188800E+001 1.211746800E+001 3.732072830E+000
 6.062963200E+001 1.085733200E+001 3.561793566E+000
 6.463582900E+001 1.434805000E+001 3.756738186E+000
 5.334270300E+001 9.369097500E+000 3.047201872E+000
 5.382167000E+001 9.233737400E+000 3.025129557E+000
 5.420142200E+001 8.680557200E+000 2.980000019E+000
 5.430063700E+001 9.098377300E+000 3.014427662E+000
 5.468038900E+001 8.545197100E+000 2.980000019E+000
 5.535730800E+001 7.893057600E+000 3.009767294E+000
 5.515912200E+001 8.409020800E+000 2.980000019E+000
 5.579532100E+001 7.788738400E+000 3.005980730E+000
 5.627349400E+001 7.650599600E+000 3.007785082E+000
 5.666727300E+001 7.532465800E+000 3.008634806E+000
 5.674034500E+001 7.068364500E+000 3.042127848E+000
 5.717350200E+001 6.981733000E+000 3.040405989E+000
 5.760666000E+001 6.895101600E+000 3.039124966E+000
 5.804769300E+001 6.745465400E+000 3.038873434E+000
 5.848872600E+001 6.595829200E+000 3.035770178E+000
 5.891400700E+001 6.477695400E+000 3.032123566E+000
 5.933928900E+001 6.359561500E+000 3.025598049E+000
 6.031586200E+001 5.934279800E+000 3.027734280E+000
 5.982757600E+001 6.146920700E+000 3.022677183E+000
 6.039940500E+001 5.194898800E+000 3.082872868E+000
 6.096644800E+001 4.990133500E+000 3.086120844E+000
 6.108319100E+001 4.202315000E+000 3.169588804E+000
 6.175586200E+001 4.151547400E+000 3.148930788E+000
 6.249199200E+001 4.024628400E+000 3.128628254E+000
 6.252698400E+001 3.293659900E+000 3.217211485E+000
 6.353239300E+001 3.126091900E+000 3.181395054E+000
 6.472576600E+001 2.895049500E+000 3.184051037E+000
 6.527417400E+001 2.003886200E+000 3.303037643E+000
 6.511232700E+001 9.832727200E-001 3.522090197E+000
 6.650607500E+001 9.569078500E-001 3.376175880E+000
 5.688594000E+001 1.010803000E+001 3.253809452E+000
 5.608858800E+001 9.659277000E+000 3.133741617E+000
 5.529123700E+001 9.210524600E+000 3.052823067E+000
 5.498581300E+001 8.877860800E+000 3.011906862E+000
 5.942309900E+001 9.723500300E+000 3.244916439E+000
 5.810985500E+001 9.911058400E+000 3.254491806E+000
 6.462281100E+001 1.301424800E+001 3.757864237E+000
 6.324337900E+001 1.191103100E+001 3.725295782E+000
 6.201068400E+001 1.072222500E+001 3.566914797E+000
 6.078477700E+001 9.529788200E+000 3.299288988E+000
 6.656809400E+001 1.386498300E+001 3.645418406E+000
 5.563785600E+001 8.272844600E+000 2.980000019E+000
 5.546454600E+001 8.741684600E+000 3.013767719E+000
 5.611602800E+001 8.134705800E+000 2.980000019E+000
 5.659420100E+001 7.996567100E+000 2.980000019E+000
 5.707237300E+001 7.858428300E+000 2.980000019E+000
 5.714544600E+001 7.394327000E+000 3.007758856E+000
 5.757860300E+001 7.307695600E+000 3.005465746E+000
 5.805677600E+001 7.169556800E+000 3.004649162E+000
 5.849780900E+001 7.019920600E+000 3.003286839E+000
 5.897598100E+001 6.881781900E+000 3.001555681E+000
 5.940126300E+001 6.763648000E+000 2.998722076E+000
 5.986215600E+001 6.577379700E+000 2.996591091E+000
 6.080728400E+001 6.167185700E+000 2.999871254E+000
 6.035044200E+001 6.364738800E+000 2.997857332E+000
 6.088290500E+001 5.729514500E+000 3.029101849E+000
 6.159086700E+001 4.798834200E+000 3.090103149E+000
 6.144994700E+001 5.524749200E+000 3.030775309E+000
 6.211316400E+001 4.695104200E+000 3.077485323E+000
 6.270775400E+001 4.494228600E+000 3.073114395E+000
 6.312658700E+001 3.923093200E+000 3.112048388E+000
 6.386855600E+001 3.759458600E+000 3.100175381E+000
 6.452930200E+001 3.666110300E+000 3.100485563E+000
 6.500971300E+001 3.461345000E+000 3.110839128E+000
 6.561613300E+001 3.232952900E+000 3.115666389E+000
 6.584287100E+001 2.716864400E+000 3.165249825E+000
 6.648994000E+001 1.867005700E+000 3.235003471E+000
 6.749309100E+001 1.648446600E+000 3.175224543E+000
 5.739359800E+001 9.356026200E+000 3.167179585E+000
 5.678164000E+001 9.454511700E+000 3.149422884E+000
 5.598428900E+001 9.005759300E+000 3.058712244E+000
 6.000690400E+001 8.771611700E+000 3.137482882E+000
 5.932606500E+001 8.868467700E+000 3.114635468E+000
 5.871964500E+001 9.065357400E+000 3.137407064E+000
 5.806302300E+001 9.159136500E+000 3.149168968E+000
 6.573104400E+001 1.256087400E+001 3.703350782E+000
 6.459323200E+001 1.162983600E+001 3.708535910E+000
 6.340330300E+001 1.054247900E+001 3.581139565E+000
 6.219050300E+001 9.407160900E+000 3.350543499E+000
 6.169240200E+001 8.466792700E+000 3.192035675E+000
 6.062907500E+001 8.566846400E+000 3.148668528E+000
 6.699445300E+001 1.265995300E+001 3.654342413E+000
 6.850036000E+001 1.338191700E+001 3.602895498E+000
 5.615759800E+001 8.536919300E+000 3.015577078E+000
 5.663577100E+001 8.398780500E+000 3.017979383E+000
 5.711394300E+001 8.260641800E+000 3.022468805E+000
 5.755054600E+001 7.720289600E+000 2.980000019E+000
 5.802871900E+001 7.582150800E+000 2.980000019E+000
 5.850689100E+001 7.444012000E+000 2.980000019E+000
 5.898506400E+001 7.305873300E+000 2.980000019E+000
 5.946323700E+001 7.167734500E+000 2.980000019E+000
 5.992413000E+001 6.981466100E+000 2.980000019E+000
 6.038502300E+001 6.795197800E+000 2.980000019E+000
 6.137432600E+001 5.962420400E+000 2.997819662E+000
 6.129870600E+001 6.400091600E+000 2.980000019E+000
 6.084186400E+001 6.597644700E+000 2.980000019E+000
 6.189885600E+001 5.319983900E+000 3.032195330E+000
 6.183116800E+001 5.764867300E+000 2.998816967E+000
 6.234776400E+001 5.115218600E+000 3.032160759E+000
 6.332433700E+001 4.737190300E+000 3.032343388E+000
 6.283605100E+001 4.926204400E+000 3.031092644E+000
 6.328728700E+001 4.421244300E+000 3.061607599E+000
 6.374407100E+001 4.200727800E+000 3.066316366E+000
 6.423790500E+001 4.296157400E+000 3.053978205E+000
 6.471831600E+001 4.091392100E+000 3.064516544E+000
 6.519872700E+001 3.886626800E+000 3.074121714E+000
 6.580514800E+001 3.658234700E+000 3.070681572E+000
 6.641156800E+001 3.429842600E+000 3.057835817E+000
 6.649481200E+001 2.737251700E+000 3.120963335E+000
 6.709335600E+001 2.461606100E+000 3.109680653E+000
 6.772694400E+001 2.340000500E+000 3.083960295E+000
 6.827569100E+001 2.071542700E+000 3.088665009E+000
 5.734676500E+001 8.604104300E+000 3.070908785E+000
 5.667734000E+001 8.800994000E+000 3.063823223E+000
 5.985120300E+001 7.808669800E+000 3.037996531E+000
 5.922903100E+001 8.013435100E+000 3.037463427E+000
 5.862261100E+001 8.210324800E+000 3.050249577E+000
 5.801619100E+001 8.407214600E+000 3.060022831E+000
 6.604049400E+001 1.149549400E+001 3.677320719E+000
 6.488881200E+001 1.041789100E+001 3.613066673E+000
 6.370439900E+001 9.334730000E+000 3.404631853E+000
 6.255171700E+001 8.260128200E+000 3.198325396E+000
 6.205596100E+001 7.735126700E+000 3.125133991E+000
 6.128626200E+001 7.959116800E+000 3.121043444E+000
 6.047337400E+001 7.603904500E+000 3.045168638E+000
 6.761661700E+001 1.170964200E+001 3.647135496E+000
 6.919117000E+001 1.178172000E+001 3.663876057E+000
 7.043262600E+001 1.289885100E+001 3.649550200E+000
 5.778336800E+001 8.063752000E+000 3.018171787E+000
 5.826154100E+001 7.925613300E+000 3.016169310E+000
 5.886796100E+001 7.728723600E+000 3.009574413E+000
 5.934613400E+001 7.590584800E+000 3.007381201E+000
 5.996830500E+001 7.385819500E+000 3.012488365E+000
 6.042919800E+001 7.199551100E+000 3.014205217E+000
 6.097261400E+001 7.002661400E+000 3.023075581E+000
 6.175554700E+001 6.202538500E+000 2.980000019E+000
 6.188629700E+001 6.607555300E+000 3.019085407E+000
 6.142945600E+001 6.805108400E+000 3.023948669E+000
 6.228007600E+001 5.560102000E+000 2.999109268E+000
 6.221238900E+001 6.004985400E+000 2.980000019E+000
 6.273691800E+001 5.362548900E+000 2.998593092E+000
 6.368265600E+001 4.977398400E+000 3.000104904E+000
 6.378112100E+001 4.516673800E+000 3.039842606E+000
 6.322520400E+001 5.173534800E+000 2.997462034E+000
 6.459692300E+001 4.560818000E+000 3.013918400E+000
 6.413944000E+001 4.756882000E+000 3.008794785E+000
 6.507733300E+001 4.356052700E+000 3.023435593E+000
 6.553481600E+001 4.159988800E+000 3.025004148E+000
 6.614123600E+001 3.931596700E+000 3.021566391E+000
 6.659871900E+001 3.735532700E+000 3.015318155E+000
 6.705888300E+001 3.545943200E+000 3.011874914E+000
 6.701011300E+001 3.154197000E+000 3.046902895E+000
 6.760865700E+001 2.878551400E+000 3.040339231E+000
 6.815740500E+001 2.610093700E+000 3.043670177E+000
 6.870615200E+001 2.341636000E+000 3.048856020E+000
 6.642959800E+001 1.038871900E+001 3.617498159E+000
 6.523737300E+001 9.256229400E+000 3.467072725E+000
 6.392617600E+001 8.124111500E+000 3.246117353E+000
 6.324081400E+001 7.311830000E+000 3.111407042E+000
 6.258362600E+001 7.538236900E+000 3.119009256E+000
 6.208787000E+001 7.013235400E+000 3.056491613E+000
 6.156020500E+001 7.210125100E+000 3.059783459E+000
 6.101679000E+001 7.407014800E+000 3.053839684E+000
 6.794880000E+001 1.045368600E+001 3.644642830E+000
 7.091570400E+001 1.114238700E+001 3.721450329E+000
 6.935696400E+001 1.044116000E+001 3.693651199E+000
 7.236489100E+001 1.241578400E+001 3.729791641E+000
 6.241396100E+001 6.410665600E+000 3.021671772E+000
 6.266923000E+001 5.807432400E+000 2.980000019E+000
 6.312607200E+001 5.609879300E+000 2.980000019E+000
 6.358352300E+001 5.413742900E+000 2.980000019E+000
 6.404097500E+001 5.217606600E+000 2.980000019E+000
 6.495594000E+001 4.825478700E+000 2.980000019E+000
 6.449845700E+001 5.021542600E+000 2.980000019E+000
 6.541342200E+001 4.629414700E+000 2.980000019E+000
 6.587090500E+001 4.433350700E+000 2.980000019E+000
 6.632838700E+001 4.237286800E+000 2.980000019E+000
 6.678587000E+001 4.041222800E+000 2.980000019E+000
 6.765742800E+001 3.270297600E+000 3.006896496E+000
 6.770619900E+001 3.662043700E+000 2.980000019E+000
 6.724603400E+001 3.851633300E+000 2.980000019E+000
 6.811955500E+001 3.085446700E+000 3.006858587E+000
 6.866830300E+001 2.816989000E+000 3.009942293E+000
 6.911925400E+001 2.600837100E+000 3.012805939E+000
 6.680514300E+001 9.191491400E+000 3.534407616E+000
 6.554972400E+001 8.085232000E+000 3.343282223E+000
 6.477653400E+001 7.489516600E+000 3.223415375E+000
 6.385002500E+001 7.083375800E+000 3.125496626E+000
 6.314319900E+001 6.580078000E+000 3.042511702E+000
 6.261553400E+001 6.816345700E+000 3.052305222E+000
 6.839073400E+001 9.221777400E+000 3.609992266E+000
 7.266807200E+001 1.086884500E+001 3.748627186E+000
 7.182053400E+001 9.628737000E+000 3.724740982E+000
 7.011596000E+001 9.484004900E+000 3.691305399E+000
 7.419794800E+001 1.164517000E+001 3.696160555E+000
 6.287080300E+001 6.213112500E+000 3.014064550E+000
 6.339846700E+001 5.976844800E+000 3.013909101E+000
 6.385591900E+001 5.780708500E+000 3.020560980E+000
 6.419456900E+001 5.583818800E+000 3.015158415E+000
 6.465205200E+001 5.387754800E+000 3.018577337E+000
 6.524272100E+001 5.167238300E+000 3.018772840E+000
 6.570020300E+001 4.971174400E+000 3.015928745E+000
 6.623574300E+001 4.703404400E+000 3.003607512E+000
 6.669322600E+001 4.507340400E+000 3.000605822E+000
 6.713425900E+001 4.310450700E+000 2.995665312E+000
 6.816832600E+001 3.477192800E+000 2.980000019E+000
 6.759442300E+001 4.120861100E+000 2.995218039E+000
 6.809058500E+001 3.916095800E+000 2.994770288E+000
 6.863045300E+001 3.292342000E+000 2.980000019E+000
 6.908140500E+001 3.076190100E+000 2.980000019E+000
 6.953235600E+001 2.860038200E+000 2.980000019E+000
 6.721314200E+001 7.931570200E+000 3.405344963E+000
 6.567940000E+001 6.977565500E+000 3.218218565E+000
 6.501378200E+001 6.463798200E+000 3.128624916E+000
 6.443385200E+001 6.842229800E+000 3.132884741E+000
 6.367086300E+001 6.343810400E+000 3.045651197E+000
 6.902370200E+001 8.135192900E+000 3.530798674E+000
 7.384033400E+001 9.559138900E+000 3.724962711E+000
 7.245140300E+001 8.298405600E+000 3.689256430E+000
 7.071951600E+001 8.269345200E+000 3.599578857E+000
 7.601700200E+001 1.083397000E+001 3.656274557E+000
 7.549888800E+001 9.981750200E+000 3.692792892E+000
 6.400951300E+001 6.146920700E+000 3.048724890E+000
 6.434816400E+001 5.950031000E+000 3.049144268E+000
 6.493883300E+001 5.729514500E+000 3.059098244E+000
 6.552950200E+001 5.508998000E+000 3.059871912E+000
 6.606504200E+001 5.241228000E+000 3.050049067E+000
 6.660058200E+001 4.973458000E+000 3.034293413E+000
 6.704161500E+001 4.776568300E+000 3.025076151E+000
 6.748264800E+001 4.579678500E+000 3.019151449E+000
 6.855271200E+001 3.731244900E+000 2.994477749E+000
 6.797881000E+001 4.374913200E+000 3.015887737E+000
 6.847497200E+001 4.170147900E+000 3.014405012E+000
 6.903312300E+001 3.550106400E+000 2.995212078E+000
 6.948407500E+001 3.333954600E+000 2.993310213E+000
 6.995316100E+001 3.124072600E+000 3.002232313E+000
 6.809870600E+001 6.903985300E+000 3.297612906E+000
 6.674378200E+001 6.656368200E+000 3.208342075E+000
 6.613664200E+001 6.082683100E+000 3.133704185E+000
 6.560445100E+001 6.243281800E+000 3.133445024E+000
 6.964944500E+001 6.978152900E+000 3.378667831E+000
 7.580095200E+001 8.441021300E+000 3.705588102E+000
 7.406978000E+001 7.875564200E+000 3.671228409E+000
 7.289671800E+001 6.975637500E+000 3.552860975E+000
 7.123780000E+001 7.041282800E+000 3.458439350E+000
 7.783605600E+001 1.002277000E+001 3.655642033E+000
 6.681992900E+001 5.725342800E+000 3.104624987E+000
 6.747990800E+001 5.433429100E+000 3.085721016E+000
 6.813988700E+001 5.116131600E+000 3.072787046E+000
 6.895538300E+001 3.989009400E+000 3.014052153E+000
 6.907908700E+001 4.392693500E+000 3.034856081E+000
 6.886332500E+001 4.938445100E+000 3.082116604E+000
 6.943579400E+001 3.807870900E+000 3.014280081E+000
 6.990488000E+001 3.597988900E+000 3.016664505E+000
 7.037396500E+001 3.388107000E+000 3.029840231E+000
 6.855343800E+001 5.795892400E+000 3.166181803E+000
 7.005952400E+001 5.678406100E+000 3.213870049E+000
 7.796798500E+001 8.152981800E+000 3.696127653E+000
 7.628085900E+001 7.094393100E+000 3.688625336E+000
 7.459373300E+001 6.035804400E+000 3.539172888E+000
 7.306133600E+001 5.982201800E+000 3.403806925E+000
 7.171202700E+001 5.905058300E+000 3.317039013E+000
 7.965511100E+001 9.211570500E+000 3.694334269E+000
 6.975175800E+001 4.050012200E+000 3.030285358E+000
 6.978983300E+001 4.430769100E+000 3.063432217E+000
 7.025943400E+001 4.062704100E+000 3.053562880E+000
 7.079672400E+001 3.653367000E+000 3.058554411E+000
 7.102040100E+001 4.793225400E+000 3.145884037E+000
 7.290660800E+001 4.977215700E+000 3.278332233E+000
 7.121948200E+001 3.918627000E+000 3.092923880E+000
 