1.6140368000E+00	7.8916223000E+00	3.9538043020E+00
7.2549501000E-01	8.7547864000E+00	3.9899590490E+00
1.3023833000E-01	6.6922907000E+00	4.1818688390E+00
2.0759950000E+00	6.8931460000E+00	3.8953688620E+00
1.3252093000E+00	5.8867034000E+00	4.1216872220E+00
2.1397164000E-01	5.0142718000E+00	4.4415653230E+00
1.7981106000E+00	4.8627626000E+00	4.1076677320E+00
1.4288396000E+00	3.5436421000E+00	4.3955343250E+00
2.7877731000E+00	5.8084165000E+00	3.6599674700E+00
2.5742123000E+00	9.1463481000E+00	3.8450778010E+00
3.1147154000E+00	8.0507458000E+00	3.7403645990E+00
1.9720846000E+00	9.8510217000E+00	3.8812587740E+00
3.6543020000E+00	6.9460398000E+00	3.5253956790E+00
3.1012690000E+00	4.2686012000E+00	3.8601072310E+00
3.2511417000E+00	2.3927145000E+00	4.3633444790E+00
4.0152764000E+00	5.7157796000E+00	3.2642570020E+00
3.7091614000E+00	1.0825479000E+01	3.8255007740E+00
4.0199680000E+00	9.2950065000E+00	3.7613099100E+00
4.6142918000E+00	8.1429535000E+00	3.6197770120E+00
5.1315935000E+00	7.0574566000E+00	3.4498951910E+00
4.2133113000E+00	4.1772004000E+00	3.5413868900E+00
4.1980779000E+00	3.2327261000E+00	3.9678204540E+00
5.0734437000E+00	1.3376975000E+00	4.4000280380E+00
5.3710540000E+00	5.9747483000E+00	3.0969920640E+00
4.9902176000E+00	5.1064413000E+00	3.0361159320E+00
4.9065896000E+00	1.0316109000E+01	3.8212321280E+00
5.5198880000E+00	1.1635741000E+01	3.7858529570E+00
5.5351379000E+00	9.2735225000E+00	3.7368908410E+00
6.1729574000E+00	8.2530441000E+00	3.5653725150E+00
6.3459953000E+00	7.1629580000E+00	3.2708685870E+00
5.2644199000E+00	4.0248659000E+00	3.4089034080E+00
5.5538555000E+00	2.9585239000E+00	3.8262613300E+00
6.7906143000E+00	2.0507121000E+00	4.0470965390E+00
6.8017633000E+00	5.9681403000E-01	4.4424174310E+00
6.5686384000E+00	6.3767488000E+00	3.0204248910E+00
6.1022600000E+00	5.8376472000E+00	3.0027893070E+00
5.8483457000E+00	5.1502199000E+00	3.0102761270E+00
5.8903567000E+00	4.5031291000E+00	3.1398828510E+00
6.0717472000E+00	1.0375666000E+01	3.8335860250E+00
7.0085609000E+00	1.1046376000E+01	3.8153532030E+00
7.4028193000E+00	1.2285027000E+01	3.7255795480E+00
7.2079334000E+00	9.6481379000E+00	3.7658722880E+00
7.5995329000E+00	8.4033332000E+00	3.5402586940E+00
7.7391438000E+00	7.4260571000E+00	3.2653410910E+00
7.2223820000E+00	6.9151332000E+00	3.1252031800E+00
6.1022600000E+00	3.8115975000E+00	3.3980591770E+00
7.1838354000E+00	3.1565588000E+00	3.5847232820E+00
8.5091462000E+00	2.4101194000E+00	3.7393060210E+00
7.9154850000E+00	1.2939188000E+00	4.1557152750E+00
8.4942562000E+00	0.0000000000E+00	4.4468658450E+00
7.2307174000E+00	6.2488238000E+00	2.9557667260E+00
6.6354310000E+00	5.7005461000E+00	2.9263940330E+00
6.5287968000E+00	4.9845736000E+00	2.9754345890E+00
6.6506644000E+00	4.3600019000E+00	3.1248953820E+00
8.4957744000E+00	1.1140173000E+01	3.7728608130E+00
9.2857506000E+00	1.2934314000E+01	3.6907046320E+00
8.7108615000E+00	9.5533571000E+00	3.7135227200E+00
9.0464093000E+00	8.3906413000E+00	3.5364532950E+00
8.4620114000E+00	7.4740620000E+00	3.3079116820E+00
7.8844611000E+00	6.7872082000E+00	3.0719080450E+00
6.9705670000E+00	3.8115975000E+00	3.3215508940E+00
7.7217280000E+00	3.9284923000E+00	3.1978593350E+00
8.4939127000E+00	3.2174926000E+00	3.4865942480E+00
9.9258577000E+00	3.2936599000E+00	3.3540864470E+00
1.0200064000E+01	2.3495090000E+00	3.6227705960E+00
9.1227600000E+00	1.4006477000E+00	3.9912283900E+00
1.0336042000E+01	1.0420898000E+00	3.9697220800E+00
1.0585583000E+01	0.0000000000E+00	4.1221912380E+00
7.7037233000E+00	6.0936529000E+00	2.8895087720E+00
7.0499797000E+00	5.5552685000E+00	2.8631153580E+00
7.0919907000E+00	4.9081776000E+00	2.9336145400E+00
7.3810814000E+00	4.4631414000E+00	3.0243363860E+00
9.9853788000E+00	1.2016268000E+01	3.7218876360E+00
9.9212626000E+00	1.0648344000E+01	3.7130601880E+00
1.1211058000E+01	1.3423751000E+01	3.6715960980E+00
1.0200067000E+01	9.3393130000E+00	3.5798118590E+00
1.0569437000E+01	8.4794846000E+00	3.3892848970E+00
9.9361214000E+00	7.5490066000E+00	3.2749267100E+00
9.1509063000E+00	7.5712350000E+00	3.3464963910E+00
8.5733560000E+00	6.8843812000E+00	3.1196098800E+00
8.1860273000E+00	6.2165931000E+00	2.9031651500E+00
7.8998079000E+00	4.4971030000E+00	2.9903452870E+00
8.5700800000E+00	3.9639320000E+00	3.1659031390E+00
9.5450212000E+00	4.0400993000E+00	3.1334209920E+00
1.0337161000E+01	4.1162666000E+00	3.0975132470E+00
1.1281635000E+01	3.2936599000E+00	3.2716408250E+00
1.1655591000E+01	2.1780925000E+00	3.5757053380E+00
1.1974864000E+01	9.6395185000E-01	3.8584831240E+00
1.2577291000E+01	0.0000000000E+00	4.0070107460E+00
8.0052895000E+00	5.5230378000E+00	2.8050816540E+00
7.5229856000E+00	5.4000976000E+00	2.8270187850E+00
7.8120764000E+00	4.9550614000E+00	2.8694677830E+00
1.1137465000E+01	1.1767713000E+01	3.7134173390E+00
1.1349519000E+01	1.0461275000E+01	3.6538293840E+00
1.2192091000E+01	1.2645715000E+01	3.6930165770E+00
1.3168356000E+01	1.3792518000E+01	3.6318209650E+00
1.1741293000E+01	9.3297326000E+00	3.4837673190E+00
1.1540604000E+01	8.5492026000E+00	3.3027983190E+00
1.1088261000E+01	7.7493955000E+00	3.1075070380E+00
1.0583943000E+01	7.6711676000E+00	3.1953700070E+00
1.0557894000E+01	7.2258763000E+00	3.0911548610E+00
9.9100726000E+00	7.1037153000E+00	3.1331017490E+00
9.2622509000E+00	6.9815543000E+00	3.1454439640E+00
8.8749222000E+00	6.3137662000E+00	2.8905938150E+00
8.4875935000E+00	5.6459781000E+00	2.7800000190E+00
8.4634458000E+00	4.5732703000E+00	2.9663122180E+00
8.2943803000E+00	5.0780016000E+00	2.8844397540E+00
9.0270837000E+00	4.5732703000E+00	3.0022039890E+00
9.4027696000E+00	4.6692893000E+00	2.9909580230E+00
9.8831805000E+00	4.7874231000E+00	2.9769483090E+00
1.0655078000E+01	4.8750739000E+00	2.9602373120E+00
1.1205468000E+01	4.1924339000E+00	3.0646543980E+00
1.2165176000E+01	4.2381342000E+00	3.0324516770E+00
1.2854635000E+01	3.3159344000E+00	3.2259061810E+00
1.3181315000E+01	2.1442420000E+00	3.5526149750E+00
1.3637785000E+01	9.7730095000E-01	3.8215945240E+00
1.4569000000E+01	0.0000000000E+00	3.9282162670E+00
1.2434768000E+01	1.1481890000E+01	3.6857889180E+00
1.2873870000E+01	1.0398941000E+01	3.6064720630E+00
1.3293930000E+01	1.2492726000E+01	3.6822259900E+00
1.4558545000E+01	1.2876137000E+01	3.6721532820E+00
1.5125654000E+01	1.4161284000E+01	3.6461570740E+00
1.3366610000E+01	9.3366348000E+00	3.4411139970E+00
1.2358995000E+01	8.5683279000E+00	3.2624264240E+00
1.1928725000E+01	7.8751987000E+00	3.0788040640E+00
1.1566529000E+01	7.3823319000E+00	2.9493008140E+00
1.1062212000E+01	7.3041041000E+00	3.0064676280E+00
1.0969656000E+01	6.8047478000E+00	2.8912299160E+00
1.0487352000E+01	6.6818076000E+00	2.9037569050E+00
9.8395301000E+00	6.5596466000E+00	2.9225104330E+00
9.3572261000E+00	6.4367064000E+00	2.9078906060E+00
9.4522013000E+00	5.8918585000E+00	2.7800000190E+00
8.9698974000E+00	5.7689183000E+00	2.7800000190E+00
8.8454433000E+00	5.3097180000E+00	2.8907597540E+00
8.7376480000E+00	4.9541067000E+00	2.9257650850E+00
9.2032931000E+00	4.9734580000E+00	2.9484384540E+00
9.6837040000E+00	5.0915918000E+00	2.9487963200E+00
1.0164115000E+01	5.2097256000E+00	2.9388826370E+00
1.0683904000E+01	5.2884815000E+00	2.9274209020E+00
1.1174867000E+01	4.9538298000E+00	2.9442472930E+00
1.1801411000E+01	5.0620878000E+00	2.9092317100E+00
1.2485078000E+01	5.1369082000E+00	2.8895392890E+00
1.3140117000E+01	4.2686012000E+00	3.0106254100E+00
1.4329156000E+01	3.2855187000E+00	3.2600546360E+00
1.4707987000E+01	2.2070282000E+00	3.5615692620E+00
1.5091135000E+01	1.1980104000E+00	3.7610204700E+00
1.6560708000E+01	0.0000000000E+00	3.9118865010E+00
1.3888221000E+01	1.1564716000E+01	3.6548142910E+00
1.4428428000E+01	1.0518640000E+01	3.5526299950E+00
1.6132570000E+01	1.3143897000E+01	3.6727142810E+00
1.5414109000E+01	1.1819992000E+01	3.6398962020E+00
1.7085600000E+01	1.4514369000E+01	3.6446116450E+00
1.4678696000E+01	9.4327430000E+00	3.3682277680E+00
1.4145525000E+01	8.8081713000E+00	3.2616301060E+00
1.3246751000E+01	8.6406033000E+00	3.2668638710E+00
1.3062530000E+01	8.0332385000E+00	3.1282308580E+00
1.2503042000E+01	7.9386467000E+00	3.0961485390E+00
1.2140846000E+01	7.4457799000E+00	2.9689007280E+00
1.1956277000E+01	7.0059159000E+00	2.8656695370E+00
1.1473973000E+01	6.8829756000E+00	2.8462491510E+00
1.1381417000E+01	6.3836194000E+00	2.7800000190E+00
1.0899113000E+01	6.2606791000E+00	2.7800000190E+00
1.0416809000E+01	6.1377389000E+00	2.7800000190E+00
9.9345053000E+00	6.0147987000E+00	2.7800000190E+00
9.8081581000E+00	5.5507921000E+00	2.9005752090E+00
9.3277472000E+00	5.4326582000E+00	2.9028702260E+00
1.0290462000E+01	5.6737323000E+00	2.8863676070E+00
1.0810251000E+01	5.7524882000E+00	2.8758874420E+00
1.1203693000E+01	5.3672374000E+00	2.9011264320E+00
1.1830237000E+01	5.4754954000E+00	2.8658841130E+00
1.3143832000E+01	5.2112774000E+00	2.8821914670E+00
1.2456781000E+01	5.5837534000E+00	2.8483860970E+00
1.3977957000E+01	4.8170056000E+00	2.9400883200E+00
1.4267393000E+01	4.2229008000E+00	3.0449407580E+00
1.5456676000E+01	4.3217169000E+00	3.0660682200E+00
1.5864538000E+01	3.3145875000E+00	3.3187351700E+00
1.6243586000E+01	2.2424097000E+00	3.5705597880E+00
1.6378213000E+01	1.0019588000E+00	3.7954912660E+00
1.8016106000E+01	1.0001659000E+00	3.8292305950E+00
1.8552417000E+01	0.0000000000E+00	3.9662592890E+00
1.5984235000E+01	1.0690609000E+01	3.5054829600E+00
1.5836439000E+01	9.4784434000E+00	3.2693214890E+00
1.7600076000E+01	1.3557006000E+01	3.6448703290E+00
1.7116096000E+01	1.2101968000E+01	3.6188209530E+00
1.9055463000E+01	1.4808716000E+01	3.5697374820E+00
1.5029066000E+01	8.8843386000E+00	3.2038555620E+00
1.4663463000E+01	8.3968680000E+00	3.1327572350E+00
1.3977957000E+01	8.1835996000E+00	3.1375782970E+00
1.3834139000E+01	7.6984116000E+00	3.0185299400E+00
1.3274651000E+01	7.6038198000E+00	3.0151947020E+00
1.2715163000E+01	7.5092279000E+00	2.9835663320E+00
1.2530594000E+01	7.0693639000E+00	2.8677123070E+00
1.2346025000E+01	6.6294998000E+00	2.7800000190E+00
1.1863721000E+01	6.5065596000E+00	2.7800000190E+00
1.1919099000E+01	5.9836864000E+00	2.8248100760E+00
1.1292555000E+01	5.8754284000E+00	2.8418827530E+00
1.3074580000E+01	5.7668922000E+00	2.8481941700E+00
1.3795156000E+01	5.4111104000E+00	2.8798559190E+00
1.2401403000E+01	6.1066266000E+00	2.8082292560E+00
1.2893731000E+01	6.1790090000E+00	2.8148532390E+00
1.4374099000E+01	5.6234280000E+00	2.8765483380E+00
1.4986218000E+01	5.0272884000E+00	2.9347141270E+00
1.6019240000E+01	5.1216748000E+00	2.9388185020E+00
1.6582878000E+01	4.4209357000E+00	3.0643656730E+00
1.7406352000E+01	3.3638649000E+00	3.3058960910E+00
1.7716814000E+01	2.1955266000E+00	3.5821290490E+00
1.9251298000E+01	2.2419095000E+00	3.5874670030E+00
1.9665895000E+01	1.0432613000E+00	3.7970576760E+00
2.0544125000E+01	0.0000000000E+00	3.9030550000E+00
1.7664454000E+01	1.0681886000E+01	3.4501386170E+00
1.6948481000E+01	9.5393772000E+00	3.2371995930E+00
1.6537178000E+01	8.7320040000E+00	3.0656142710E+00
1.5790739000E+01	8.7320040000E+00	3.1080854420E+00
1.8605626000E+01	1.3200646000E+01	3.6078236580E+00
1.8793937000E+01	1.2029534000E+01	3.5439370160E+00
2.0143358000E+01	1.3497633000E+01	3.5817864420E+00
2.1025327000E+01	1.5103064000E+01	3.5421147820E+00
1.5251745000E+01	8.0134351000E+00	2.9941869260E+00
1.4542942000E+01	7.8559234000E+00	3.0205278870E+00
1.4075134000E+01	7.3067272000E+00	2.8778663160E+00
1.3582411000E+01	7.2363381000E+00	2.8855419640E+00
1.3022923000E+01	7.1417463000E+00	2.8774800780E+00
1.2838354000E+01	6.7018822000E+00	2.7800000190E+00
1.3511530000E+01	6.3621478000E+00	2.8235350130E+00
1.3692379000E+01	5.9500310000E+00	2.8597209930E+00
1.3330682000E+01	6.7742647000E+00	2.7800000190E+00
1.4839824000E+01	6.1828968000E+00	2.8577135090E+00
1.4947821000E+01	5.7398609000E+00	2.8694966320E+00
1.4266101000E+01	6.0664639000E+00	2.8625426770E+00
1.5507617000E+01	5.7656083000E+00	2.8636854170E+00
1.7131283000E+01	5.2130755000E+00	2.9275689600E+00
1.6228964000E+01	5.7981804000E+00	2.8598571300E+00
1.7786321000E+01	4.4818696000E+00	3.0303404810E+00
1.8914710000E+01	3.4239677000E+00	3.3061550140E+00
2.0426924000E+01	3.4750069000E+00	3.3318560600E+00
2.0770453000E+01	2.3352460000E+00	3.5841930390E+00
2.1112464000E+01	1.2759793000E+00	3.7663767810E+00
2.2535833000E+01	0.0000000000E+00	3.9625461580E+00
1.9087315000E+01	1.0742424000E+01	3.3666501520E+00
1.8669862000E+01	9.6917118000E+00	3.1823878770E+00
1.7849503000E+01	9.5961460000E+00	3.2134659770E+00
1.7290929000E+01	8.8914220000E+00	3.0870595460E+00
1.6732356000E+01	8.1866981000E+00	2.9368870740E+00
1.5992050000E+01	8.1000666000E+00	2.9531581880E+00
2.0275467000E+01	1.1941075000E+01	3.4934366230E+00
2.1951462000E+01	1.4080342000E+01	3.5820341590E+00
2.1440137000E+01	1.2870718000E+01	3.5596588130E+00
2.2995191000E+01	1.5397411000E+01	3.5816514970E+00
1.5769385000E+01	7.6050172000E+00	2.8558271410E+00
1.5276661000E+01	7.5346281000E+00	2.8633096690E+00
1.4783937000E+01	7.4642390000E+00	2.8841796400E+00
1.4316130000E+01	6.9150429000E+00	2.7800000190E+00
1.3823406000E+01	6.8446538000E+00	2.7800000190E+00
1.4004254000E+01	6.4325369000E+00	2.8273346900E+00
1.5070701000E+01	6.6193590000E+00	2.8221474170E+00
1.4577977000E+01	6.5489699000E+00	2.8279881950E+00
1.5399620000E+01	6.2086442000E+00	2.8485610960E+00
1.5959415000E+01	6.2343916000E+00	2.8406911370E+00
1.8182391000E+01	5.3501766000E+00	2.8993890760E+00
1.7652857000E+01	5.9942212000E+00	2.8471456050E+00
1.6906450000E+01	5.9110813000E+00	2.8526266100E+00
1.6636902000E+01	6.3472925000E+00	2.8257787700E+00
1.8867897000E+01	4.5732703000E+00	3.0289528850E+00
1.9873305000E+01	4.6342041000E+00	3.0484707830E+00
2.0787312000E+01	4.7103714000E+00	3.0533040050E+00
2.1952750000E+01	3.5010552000E+00	3.3372323990E+00
2.2286001000E+01	2.3504321000E+00	3.5922742370E+00
2.2381553000E+01	1.0600538000E+00	3.8248403550E+00
2.4020034000E+01	1.0461155000E+00	3.8267786980E+00
2.4527542000E+01	0.0000000000E+00	3.9281957630E+00
2.0650694000E+01	1.0677617000E+01	3.2782657620E+00
1.9614336000E+01	9.8288129000E+00	3.1520371910E+00
1.9213498000E+01	9.0801765000E+00	3.0416894440E+00
1.8417139000E+01	9.0961873000E+00	3.0902154920E+00
1.7954478000E+01	9.0594022000E+00	3.0971165180E+00
1.8059454000E+01	8.5226584000E+00	2.9856441500E+00
1.7395905000E+01	8.3546782000E+00	2.9659729480E+00
1.7001670000E+01	7.7665733000E+00	2.8370278360E+00
1.6509690000E+01	7.6916487000E+00	2.8328059200E+00
2.1849639000E+01	1.1786769000E+01	3.4815054420E+00
2.3499213000E+01	1.4459225000E+01	3.6314127920E+00
2.3030755000E+01	1.3051006000E+01	3.5716650960E+00
2.4965093000E+01	1.5691411000E+01	3.6404984470E+00
1.6287025000E+01	7.1965994000E+00	2.7800000190E+00
1.5794301000E+01	7.1262102000E+00	2.7800000190E+00
1.5301577000E+01	7.0558211000E+00	2.7800000190E+00
1.4808853000E+01	6.9854320000E+00	2.7800000190E+00
1.5630496000E+01	6.6451064000E+00	2.8211398600E+00
1.6123220000E+01	6.7154955000E+00	2.8099353790E+00
1.9126866000E+01	5.4720443000E+00	2.9018052100E+00
1.8355187000E+01	6.0667440000E+00	2.8440077780E+00
1.8016719000E+01	6.5327163000E+00	2.8232253070E+00
1.7314388000E+01	6.4601934000E+00	2.8229492190E+00
1.6800707000E+01	6.8283964000E+00	2.8023503300E+00
2.0208441000E+01	5.6548457000E+00	2.9012313370E+00
2.0939647000E+01	5.7614799000E+00	2.8990364550E+00
2.1731787000E+01	5.5634450000E+00	2.9251180170E+00
2.2005989000E+01	4.6799045000E+00	3.0578263280E+00
2.3130160000E+01	4.6080976000E+00	3.0794268130E+00
2.3476769000E+01	3.4784414000E+00	3.3520834920E+00
2.3751053000E+01	2.2657634000E+00	3.6177199360E+00
2.5295916000E+01	2.2924233000E+00	3.6112108710E+00
2.5676375000E+01	1.0842470000E+00	3.8057477950E+00
2.6519250000E+01	0.0000000000E+00	3.9328310970E+00
2.2207908000E+01	1.0878253000E+01	3.3093512540E+00
2.1716553000E+01	9.9354471000E+00	3.1070328240E+00
2.0909180000E+01	9.9202137000E+00	3.1128571510E+00
2.0360776000E+01	9.9202137000E+00	3.1291254040E+00
2.0316080000E+01	9.3164441000E+00	3.0245540620E+00
1.9733287000E+01	9.1746835000E+00	3.0308650020E+00
1.9504563000E+01	8.6907357000E+00	2.9601195340E+00
1.8984774000E+01	8.5962287000E+00	2.9702404020E+00
1.8522114000E+01	8.5594435000E+00	2.9806159020E+00
1.8154625000E+01	8.0251840000E+00	2.8683839320E+00
1.7665220000E+01	7.9345534000E+00	2.8615262990E+00
1.7270985000E+01	7.3464484000E+00	2.7800000190E+00
1.6779005000E+01	7.2715239000E+00	2.7800000190E+00
2.3373564000E+01	1.1740780000E+01	3.4228246690E+00
2.4523641000E+01	1.4041053000E+01	3.6384213450E+00
2.4748011000E+01	1.2784104000E+01	3.5285046580E+00
2.5726475000E+01	1.4831531000E+01	3.6315970900E+00
2.6951553000E+01	1.5836257000E+01	3.5461597920E+00
1.9667245000E+01	6.3108270000E+00	2.8447018150E+00
1.9179982000E+01	6.1895226000E+00	2.8460319520E+00
1.8719049000E+01	6.6052391000E+00	2.8306382180E+00
1.8484422000E+01	7.0664744000E+00	2.8075850490E+00
1.7782092000E+01	6.9939515000E+00	2.8001511570E+00
1.7292687000E+01	6.9033209000E+00	2.8019795890E+00
2.0226412000E+01	6.3974585000E+00	2.8468239780E+00
2.1609919000E+01	6.1880167000E+00	2.8604717730E+00
2.0938718000E+01	6.6010837000E+00	2.8390300750E+00
2.2478226000E+01	6.3098844000E+00	2.8566515920E+00
2.2767662000E+01	5.5786785000E+00	2.9241018770E+00
2.4245307000E+01	5.5634450000E+00	2.9528594490E+00
2.4665800000E+01	4.6079911000E+00	3.1150618080E+00
2.4991198000E+01	3.4785357000E+00	3.3764334200E+00
2.6527227000E+01	3.5330757000E+00	3.3726804730E+00
2.6828925000E+01	2.3925035000E+00	3.5981393340E+00
2.7132414000E+01	1.3214114000E+00	3.7887514110E+00
2.8510959000E+01	0.0000000000E+00	3.9411876680E+00
2.3769011000E+01	1.0814794000E+01	3.2105417730E+00
2.3106694000E+01	9.9574672000E+00	3.0750136850E+00
2.2345730000E+01	9.9705410000E+00	3.1017346860E+00
2.1835420000E+01	9.2123931000E+00	2.9695029740E+00
2.1189939000E+01	9.0687640000E+00	2.9494312290E+00
2.0607145000E+01	8.9270034000E+00	2.9483721730E+00
2.0024352000E+01	8.7852428000E+00	2.9503481860E+00
1.9596095000E+01	8.2432303000E+00	2.8663905140E+00
1.9106690000E+01	8.1525997000E+00	2.8761766430E+00
1.8617285000E+01	8.0619691000E+00	2.8655429360E+00
1.8249796000E+01	7.5277096000E+00	2.7800000190E+00
1.7760391000E+01	7.4370790000E+00	2.7800000190E+00
2.4656610000E+01	1.1687295000E+01	3.3584774020E+00
2.5773167000E+01	1.3699887000E+01	3.5958617210E+00
2.6141932000E+01	1.2676985000E+01	3.4979479790E+00
2.5799120000E+01	1.1687295000E+01	3.3299289230E+00
2.6727028000E+01	1.4605747000E+01	3.5918515210E+00
2.7881027000E+01	1.4919748000E+01	3.5430341240E+00
2.8938013000E+01	1.5981103000E+01	3.4683142190E+00
1.9693577000E+01	6.8478480000E+00	2.8289671420E+00
1.9206313000E+01	6.7265436000E+00	2.8297555920E+00
1.8973827000E+01	7.1571050000E+00	2.8061528680E+00
1.8739201000E+01	7.6183402000E+00	2.7800000190E+00
2.0252744000E+01	6.9344795000E+00	2.8291619300E+00
2.1520713000E+01	6.7375898000E+00	2.8304796700E+00
2.1985373000E+01	6.8478480000E+00	2.8271327500E+00
2.0811910000E+01	7.0211110000E+00	2.8209479330E+00
2.1276570000E+01	7.1313692000E+00	2.8117936130E+00
2.3635969000E+01	6.3860517000E+00	2.8621550080E+00
2.3198214000E+01	7.0368622000E+00	2.8277378560E+00
2.2481535000E+01	6.9581063000E+00	2.8247004030E+00
2.4824178000E+01	6.4165186000E+00	2.8759499070E+00
2.5494451000E+01	5.5786785000E+00	2.9686465740E+00
2.6208602000E+01	4.6491650000E+00	3.1232765200E+00
2.7550967000E+01	4.6951380000E+00	3.1394901750E+00
2.8058687000E+01	3.5886847000E+00	3.3797028540E+00
2.8340482000E+01	2.4136344000E+00	3.6177633290E+00
2.8389503000E+01	1.1012202000E+00	3.8400114060E+00
3.0020882000E+01	1.0810679000E+00	3.8303869250E+00
3.0502667000E+01	0.0000000000E+00	3.8954194070E+00
2.5304731000E+01	1.0840178000E+01	3.1356161120E+00
2.4580443000E+01	1.0087782000E+01	3.0148671150E+00
2.3857703000E+01	1.0049756000E+01	3.0563195230E+00
2.3231911000E+01	9.4483107000E+00	2.9832516190E+00
2.2480902000E+01	9.3560223000E+00	2.9901795860E+00
2.2322970000E+01	8.8043883000E+00	2.8968463420E+00
2.1677488000E+01	8.6607592000E+00	2.8764877800E+00
2.1188083000E+01	8.5701286000E+00	2.8685658450E+00
2.0605289000E+01	8.4283680000E+00	2.8671713350E+00
2.0115884000E+01	8.3377374000E+00	2.8673217770E+00
1.9718011000E+01	7.7996014000E+00	2.7800000190E+00
1.9228606000E+01	7.7089708000E+00	2.7800000190E+00
2.7261972000E+01	1.3751086000E+01	3.5562778000E+00
2.7782065000E+01	1.2807747000E+01	3.4478912830E+00
2.7033030000E+01	1.1717762000E+01	3.3122923850E+00
2.6383542000E+01	1.0789410000E+01	3.1067791460E+00
2.8907805000E+01	1.4175312000E+01	3.5277874950E+00
2.9735164000E+01	1.5313179000E+01	3.5108335490E+00
3.0924473000E+01	1.6125949000E+01	3.4834137440E+00
1.9950497000E+01	7.3690400000E+00	2.8021007060E+00
1.9461092000E+01	7.2784094000E+00	2.8024137500E+00
2.0509664000E+01	7.4556715000E+00	2.8001592640E+00
2.1741230000E+01	7.2416275000E+00	2.8080277920E+00
2.2237392000E+01	7.3518857000E+00	2.8058722500E+00
2.0999069000E+01	7.5463021000E+00	2.7930219650E+00
2.1463728000E+01	7.6565603000E+00	2.7883067610E+00
2.3710127000E+01	7.0368622000E+00	2.8354416370E+00
2.4348050000E+01	7.1077424000E+00	2.8390357970E+00
2.3245467000E+01	7.4621439000E+00	2.8098216530E+00
2.2733554000E+01	7.4621439000E+00	2.8033729080E+00
2.5233390000E+01	7.1861606000E+00	2.8411024090E+00
2.5920987000E+01	6.5231528000E+00	2.8783054830E+00
2.6576026000E+01	5.7005461000E+00	2.9598031520E+00
2.7566201000E+01	5.8224138000E+00	2.9492161750E+00
2.8754410000E+01	5.8681141000E+00	3.0007482050E+00
2.9279201000E+01	4.7511338000E+00	3.2030444620E+00
2.9565691000E+01	3.5686585000E+00	3.4551911830E+00
2.9789953000E+01	2.3200764000E+00	3.6752207760E+00
3.1321806000E+01	2.3238225000E+00	3.7341237550E+00
3.1674953000E+01	1.1094427000E+00	3.8661306380E+00
3.2494376000E+01	0.0000000000E+00	3.9330084800E+00
2.5943741000E+01	1.0164864000E+01	2.9966023450E+00
2.5324532000E+01	1.0075119000E+01	2.9841554640E+00
2.5222240000E+01	9.6200552000E+00	2.9199336050E+00
2.4602580000E+01	9.5803272000E+00	2.9442415710E+00
2.3982920000E+01	9.5405992000E+00	2.9711688040E+00
2.3566393000E+01	8.9691192000E+00	2.8892536640E+00
2.2815384000E+01	8.8768307000E+00	2.8988116260E+00
2.2657452000E+01	8.3251968000E+00	2.7800000190E+00
2.2165038000E+01	8.2527544000E+00	2.7800000190E+00
2.1675632000E+01	8.1621238000E+00	2.7800000190E+00
2.1186227000E+01	8.0714932000E+00	2.7800000190E+00
2.0696822000E+01	7.9808626000E+00	2.7800000190E+00
2.0207417000E+01	7.8902320000E+00	2.7800000190E+00
2.9329678000E+01	1.2904213000E+01	3.4031839850E+00
2.8510675000E+01	1.1778695000E+01	3.2257726670E+00
2.7792343000E+01	1.0967097000E+01	3.1111872670E+00
2.7056213000E+01	1.0789410000E+01	3.0921564580E+00
2.6846929000E+01	1.0183631000E+01	2.9847701070E+00
3.0420317000E+01	1.4881687000E+01	3.5348408700E+00
3.0537482000E+01	1.3929259000E+01	3.5241783140E+00
3.1798218000E+01	1.5106533000E+01	3.5320811750E+00
3.2910933000E+01	1.6270795000E+01	3.5161562440E+00
2.1953134000E+01	7.7471909000E+00	2.7861822130E+00
2.2449296000E+01	7.8574492000E+00	2.7875228400E+00
2.3757381000E+01	7.4621439000E+00	2.8177500250E+00
2.4395303000E+01	7.5330242000E+00	2.8226562020E+00
2.5033226000E+01	7.6039045000E+00	2.8249898430E+00
2.3453623000E+01	7.9298916000E+00	2.7902794360E+00
2.2941710000E+01	7.9298916000E+00	2.7869751930E+00
2.5740099000E+01	7.7285719000E+00	2.8248053070E+00
2.5940263000E+01	7.3108280000E+00	2.8402700900E+00
2.6891218000E+01	6.6137756000E+00	2.8800819400E+00
2.6701497000E+01	7.3694236000E+00	2.8344421860E+00
2.7764236000E+01	6.7211877000E+00	2.8824685100E+00
2.9775052000E+01	6.0204487000E+00	3.0129149440E+00
2.8906745000E+01	6.8125885000E+00	2.8984261040E+00
3.0778318000E+01	4.7253535000E+00	3.3217328070E+00
3.1054197000E+01	3.5363793000E+00	3.5509357930E+00
3.2578042000E+01	3.5432501000E+00	3.6361005780E+00
3.2857002000E+01	2.4039214000E+00	3.7828791620E+00
3.3139459000E+01	1.3392883000E+00	3.8970025060E+00
3.4486084000E+01	0.0000000000E+00	3.9240124700E+00
2.6460657000E+01	9.7995437000E+00	2.9246001720E+00
2.5841448000E+01	9.7097995000E+00	2.9184883120E+00
2.5663603000E+01	9.2243232000E+00	2.8471313000E+00
2.5171086000E+01	9.1524978000E+00	2.8549838540E+00
2.4551426000E+01	9.1127698000E+00	2.8786342620E+00
2.4058910000E+01	9.0409445000E+00	2.8852153300E+00
2.3642383000E+01	8.4694645000E+00	2.7800000190E+00
2.3149866000E+01	8.3976392000E+00	2.7800000190E+00
3.0884539000E+01	1.2858508000E+01	3.4370382310E+00
2.9755454000E+01	1.1792349000E+01	3.1927166460E+00
2.9449869000E+01	1.1044852000E+01	3.0346012590E+00
2.8692636000E+01	1.1026770000E+01	3.0738885880E+00
2.8338094000E+01	1.0332502000E+01	2.9822383400E+00
2.7472064000E+01	1.0243523000E+01	2.9829543110E+00
2.7085791000E+01	9.8594356000E+00	2.9239080430E+00
3.2107331000E+01	1.4011047000E+01	3.5305936810E+00
3.3414471000E+01	1.5188045000E+01	3.5485454080E+00
3.4899339000E+01	1.6373448000E+01	3.5174947260E+00
2.3946140000E+01	8.0017169000E+00	2.7952852730E+00
2.4584063000E+01	8.0725972000E+00	2.7988820550E+00
2.5076579000E+01	8.1444225000E+00	2.7972100260E+00
2.5783453000E+01	8.2690899000E+00	2.7976518150E+00
2.6446973000E+01	7.8532393000E+00	2.8143277650E+00
2.7444273000E+01	7.4850558000E+00	2.8325734620E+00
2.7189749000E+01	7.9688715000E+00	2.8037443640E+00
2.8099372000E+01	7.5285609000E+00	2.8393373970E+00
2.9805519000E+01	6.8278219000E+00	2.9157016750E+00
3.0765227000E+01	5.8681141000E+00	3.0691581250E+00
3.0536725000E+01	6.8278219000E+00	2.9308987140E+00
2.8769644000E+01	7.5742613000E+00	2.8466256140E+00
2.9257115000E+01	7.6047282000E+00	2.8519773960E+00
3.1986734000E+01	5.8304229000E+00	3.0864654060E+00
3.2297123000E+01	4.6831981000E+00	3.4154153350E+00
3.3828842000E+01	4.6920041000E+00	3.4681473260E+00
3.4116003000E+01	3.5718408000E+00	3.6622453210E+00
3.4377064000E+01	2.4175912000E+00	3.8119056700E+00
3.4395819000E+01	1.1204625000E+00	3.9138176920E+00
3.6029063000E+01	1.1051348000E+00	3.8980134010E+00
3.6477793000E+01	0.0000000000E+00	3.9057639120E+00
2.6775574000E+01	9.3841362000E+00	2.8546045300E+00
2.6282811000E+01	9.3140674000E+00	2.8487198830E+00
2.6104965000E+01	8.8285911000E+00	2.7800000190E+00
2.5612449000E+01	8.7567658000E+00	2.7800000190E+00
2.5119932000E+01	8.6849405000E+00	2.7800000190E+00
2.4627416000E+01	8.6131152000E+00	2.7800000190E+00
2.4134899000E+01	8.5412898000E+00	2.7800000190E+00
3.2385698000E+01	1.2895538000E+01	3.4162233350E+00
3.1231847000E+01	1.1982449000E+01	3.2298374650E+00
3.0712814000E+01	1.1155693000E+01	3.0485716340E+00
2.9972059000E+01	1.1165893000E+01	3.0497813700E+00
2.9658052000E+01	1.0510188000E+01	2.9466610430E+00
2.9048841000E+01	1.0421345000E+01	2.9616287230E+00
2.8350786000E+01	9.9263610000E+00	2.9103651520E+00
2.7710926000E+01	9.9193275000E+00	2.9210064890E+00
2.7400709000E+01	9.4440281000E+00	2.8461375710E+00
3.3631837000E+01	1.4053794000E+01	3.4929750440E+00
3.5026041000E+01	1.5235624000E+01	3.5477552890E+00
3.6267250000E+01	1.5055453000E+01	3.5295219900E+00
3.6890698000E+01	1.6412115000E+01	3.4871693130E+00
2.6275969000E+01	8.3409152000E+00	2.7948351380E+00
2.6768732000E+01	8.4109840000E+00	2.7913628100E+00
2.7932524000E+01	8.0845037000E+00	2.8093822480E+00
2.7511508000E+01	8.5266162000E+00	2.7917187690E+00
2.8353545000E+01	8.1099884000E+00	2.8150380130E+00
2.9896920000E+01	7.6047282000E+00	2.8599403380E+00
3.1481199000E+01	6.6754874000E+00	2.9491522790E+00
3.1328865000E+01	7.3457595000E+00	2.8866813660E+00
3.0506258000E+01	7.7418293000E+00	2.8584139820E+00
2.8774566000E+01	8.1354731000E+00	2.8185978410E+00
2.9313826000E+01	8.2713438000E+00	2.8182504650E+00
3.3514384000E+01	5.8098515000E+00	3.2079625610E+00
3.2364740000E+01	6.7516546000E+00	2.9483523850E+00
3.5050553000E+01	5.8259517000E+00	3.2691836830E+00
3.5370968000E+01	4.7040968000E+00	3.5250137330E+00
3.5640639000E+01	3.5611643000E+00	3.7046974180E+00
3.5833836000E+01	2.3347954000E+00	3.8294847490E+00
3.7366839000E+01	2.3523135000E+00	3.8317149160E+00
3.7680851000E+01	1.1377344000E+00	3.9173672680E+00
3.8469501000E+01	0.0000000000E+00	3.9556806560E+00
2.7090491000E+01	8.9687287000E+00	2.7800000190E+00
2.6597728000E+01	8.8986599000E+00	2.7800000190E+00
3.3835738000E+01	1.2912466000E+01	3.3499038700E+00
3.2627956000E+01	1.2058600000E+01	3.2358701710E+00
3.2047739000E+01	1.1180676000E+01	3.0429301740E+00
3.1348689000E+01	1.1172345000E+01	3.0501270770E+00
3.0824538000E+01	1.0556089000E+01	2.9362750530E+00
3.0188663000E+01	1.0539437000E+01	2.9354167460E+00
3.0119408000E+01	9.9532908000E+00	2.8474615100E+00
2.9597218000E+01	9.8322502000E+00	2.8491585730E+00
2.9103941000E+01	9.7658476000E+00	2.8614624020E+00
2.8387262000E+01	9.5768334000E+00	2.8474226470E+00
2.7893985000E+01	9.5104308000E+00	2.8443136690E+00
2.7583768000E+01	9.0351314000E+00	2.7800000190E+00
3.5063144000E+01	1.4035547000E+01	3.4845409870E+00
3.7722034000E+01	1.5316299000E+01	3.5155182360E+00
3.6561913000E+01	1.4093002000E+01	3.5236626150E+00
3.8882056000E+01	1.6450782000E+01	3.4768958570E+00
2.8004784000E+01	8.5930188000E+00	2.7931514260E+00
2.8425806000E+01	8.6185035000E+00	2.7972600940E+00
3.0346117000E+01	8.4198239000E+00	2.8224168300E+00
2.9853086000E+01	8.4072146000E+00	2.8182425980E+00
3.2151471000E+01	7.4219267000E+00	2.8912666320E+00
3.1602759000E+01	8.1496140000E+00	2.8296540260E+00
3.1086614000E+01	8.0082044000E+00	2.8430803300E+00
3.0839147000E+01	8.4324333000E+00	2.8207955840E+00
2.8919082000E+01	8.6849062000E+00	2.7973406790E+00
2.9458342000E+01	8.8207769000E+00	2.7952366350E+00
3.3461549000E+01	6.8278219000E+00	3.0223913670E+00
3.4715459000E+01	6.9102193000E+00	3.0469954490E+00
3.2928378000E+01	7.6504286000E+00	2.8823061470E+00
3.6216635000E+01	6.9622151000E+00	3.0528626920E+00
3.6575095000E+01	5.8645823000E+00	3.3389695170E+00
3.6891775000E+01	4.7249415000E+00	3.5852754590E+00
3.7139934000E+01	3.5594322000E+00	3.7113082890E+00
3.8659220000E+01	3.5912017000E+00	3.6975834850E+00
3.8893977000E+01	2.4392915000E+00	3.8106167790E+00
3.9142069000E+01	1.3674354000E+00	3.8922317500E+00
4.0461210000E+01	0.0000000000E+00	3.8712394710E+00
3.5323672000E+01	1.2986092000E+01	3.3455105300E+00
3.5001341000E+01	1.2198211000E+01	3.1361837860E+00
3.3808302000E+01	1.2096676000E+01	3.1676183220E+00
3.3343559000E+01	1.1303558000E+01	3.0385261060E+00
3.2784999000E+01	1.1284731000E+01	3.0549734120E+00
3.2197673000E+01	1.0676797000E+01	2.9423592570E+00
3.1460413000E+01	1.0572741000E+01	2.9327259540E+00
3.1248559000E+01	1.0036345000E+01	2.8401046280E+00
3.0612684000E+01	1.0019694000E+01	2.8464494230E+00
3.0543429000E+01	9.4335473000E+00	2.7800000190E+00
3.0050152000E+01	9.3671447000E+00	2.7800000190E+00
2.9556875000E+01	9.3007420000E+00	2.7800000190E+00
2.9063598000E+01	9.2343393000E+00	2.7800000190E+00
2.8570321000E+01	9.1679367000E+00	2.7800000190E+00
2.8077045000E+01	9.1015340000E+00	2.7800000190E+00
3.9369546000E+01	1.5369754000E+01	3.5154147620E+00
3.8082943000E+01	1.4230954000E+01	3.4940209870E+00
3.6834330000E+01	1.3074951000E+01	3.3942103860E+00
4.0873414000E+01	1.6489449000E+01	3.4888518330E+00
3.0444650000E+01	8.8997890000E+00	2.8006392000E+00
2.9951619000E+01	8.8871796000E+00	2.8010647770E+00
3.2412537000E+01	8.3232512000E+00	2.8221421720E+00
3.1355293000E+01	8.5738429000E+00	2.8071339610E+00
3.1871438000E+01	8.7152526000E+00	2.7962840080E+00
3.0937927000E+01	8.9661916000E+00	2.8005862710E+00
3.3842385000E+01	7.7265959000E+00	2.8953009130E+00
3.4786859000E+01	7.7722963000E+00	2.9089868550E+00
3.5472365000E+01	7.8332301000E+00	2.8998144150E+00
3.2835929000E+01	8.3973112000E+00	2.8232403280E+00
3.3460447000E+01	8.4699721000E+00	2.8299360750E+00
3.6264505000E+01	7.8636970000E+00	2.8896019940E+00
3.6919543000E+01	7.9246308000E+00	2.8922324660E+00
3.7744417000E+01	6.9990579000E+00	3.0662718300E+00
3.8110236000E+01	5.8879933000E+00	3.3140206810E+00
3.8419274000E+01	4.7437804000E+00	3.5420613770E+00
3.9938892000E+01	4.7691214000E+00	3.5478122710E+00
4.0181947000E+01	3.6211029000E+00	3.6971929550E+00
4.0399097000E+01	2.4472828000E+00	3.8027842520E+00
4.0385297000E+01	1.1439515000E+00	3.8686726570E+00
4.2010523000E+01	1.1208411000E+00	3.8471787450E+00
4.2452918000E+01	0.0000000000E+00	3.8506815910E+00
3.6194379000E+01	1.2287054000E+01	3.1828372960E+00
3.5788485000E+01	1.1508093000E+01	2.9974093910E+00
3.5194564000E+01	1.1451529000E+01	2.9780843730E+00
3.4724732000E+01	1.1397475000E+01	2.9711015700E+00
3.4067177000E+01	1.1347981000E+01	2.9979033950E+00
3.3658551000E+01	1.0825275000E+01	2.9320905690E+00
3.2934933000E+01	1.0780852000E+01	2.9438493730E+00
3.2478867000E+01	1.0208438000E+01	2.8488371850E+00
3.1741607000E+01	1.0104383000E+01	2.8499758720E+00
3.1529754000E+01	9.5679874000E+00	2.7800000190E+00
3.1036706000E+01	9.4999500000E+00	2.7800000190E+00
4.1004661000E+01	1.5389040000E+01	3.5261040210E+00
3.9610811000E+01	1.4267518000E+01	3.4953287120E+00
3.8346335000E+01	1.3165971000E+01	3.3768947600E+00
3.7133580000E+01	1.2299746000E+01	3.2134142400E+00
4.2251166000E+01	1.5185626000E+01	3.5338328360E+00
4.2864773000E+01	1.6528116000E+01	3.5342760560E+00
3.2718221000E+01	8.8633727000E+00	2.7966406820E+00
3.2294830000E+01	8.7893126000E+00	2.7944257740E+00
3.1454072000E+01	9.1076013000E+00	2.7881024360E+00
3.1947119000E+01	9.1756387000E+00	2.7836442470E+00
3.4160641000E+01	8.4908595000E+00	2.8401086810E+00
3.4849161000E+01	8.5158907000E+00	2.8410661700E+00
3.5578468000E+01	8.5557823000E+00	2.8363049510E+00
3.3342740000E+01	8.9360336000E+00	2.8021357540E+00
3.3967258000E+01	9.0086945000E+00	2.8039348600E+00
3.6304792000E+01	8.6364004000E+00	2.8315487380E+00
3.7803084000E+01	7.9093974000E+00	2.9270675660E+00
3.7041357000E+01	8.6609913000E+00	2.8381767750E+00
3.8758143000E+01	7.9083492000E+00	2.9532740590E+00
3.9267815000E+01	7.0293792000E+00	3.1099484440E+00
3.9638935000E+01	5.9182636000E+00	3.3454516410E+00
4.1185627000E+01	5.9218493000E+00	3.3858724120E+00
4.1465505000E+01	4.7620314000E+00	3.5886805530E+00
4.1682697000E+01	3.5886986000E+00	3.6876516820E+00
4.1834535000E+01	2.3457069000E+00	3.7861795900E+00
4.3359149000E+01	2.3489648000E+00	3.7426431660E+00
4.3660661000E+01	1.1486794000E+00	3.7934029580E+00
4.4444627000E+01	0.0000000000E+00	3.7666631220E+00
3.6798727000E+01	1.1593459000E+01	3.0351503370E+00
3.6368264000E+01	1.1564657000E+01	3.0207221980E+00
3.5901612000E+01	1.1034371000E+01	2.9076121330E+00
3.5321833000E+01	1.0977807000E+01	2.8886726380E+00
3.4852001000E+01	1.0923753000E+01	2.8954873560E+00
3.4382169000E+01	1.0869698000E+01	2.9077761650E+00
3.4187518000E+01	1.0396512000E+01	2.8379142760E+00
3.3463900000E+01	1.0352089000E+01	2.8489082340E+00
3.2971383000E+01	1.0280264000E+01	2.8449075700E+00
3.3007834000E+01	9.7796755000E+00	2.7800000190E+00
3.2515318000E+01	9.7078502000E+00	2.7800000190E+00
3.2022801000E+01	9.6360249000E+00	2.7800000190E+00
4.1052756000E+01	1.4215129000E+01	3.4960077290E+00
3.9692033000E+01	1.3149707000E+01	3.3416691300E+00
3.8580456000E+01	1.2388589000E+01	3.2007961750E+00
3.7997932000E+01	1.1638646000E+01	3.0564184670E+00
3.7253737000E+01	1.1609014000E+01	3.0457075120E+00
4.3694927000E+01	1.5384759000E+01	3.5423770430E+00
4.2541951000E+01	1.4209308000E+01	3.4876461510E+00
4.4853885000E+01	1.6481446000E+01	3.5168517110E+00
3.2863028000E+01	9.3215241000E+00	2.7853420260E+00
3.2370511000E+01	9.2496988000E+00	2.7851567750E+00
3.4655778000E+01	9.0337257000E+00	2.8034353730E+00
3.5344298000E+01	9.0587569000E+00	2.8052175520E+00
3.6070622000E+01	9.1393750000E+00	2.8047538280E+00
3.3487546000E+01	9.3941850000E+00	2.7920942780E+00
3.3980063000E+01	9.4660103000E+00	2.7898588660E+00
3.4472579000E+01	9.5378356000E+00	2.7895205500E+00
3.6796946000E+01	9.2199930000E+00	2.8071427820E+00
3.7775746000E+01	8.6356165000E+00	2.8596175190E+00
3.8532168000E+01	8.6513331000E+00	2.8760045050E+00
3.7531334000E+01	9.1946182000E+00	2.8133881570E+00
3.9840770000E+01	8.6633373000E+00	2.8860517020E+00
3.9075310000E+01	8.6576636000E+00	2.8856328010E+00
4.0331938000E+01	7.9718087000E+00	2.9587979790E+00
4.0836345000E+01	7.0452631000E+00	3.1196482660E+00
4.2053218000E+01	7.1172576000E+00	3.0927169800E+00
4.2717834000E+01	5.9265877000E+00	3.3593531130E+00
4.2965867000E+01	4.7417391000E+00	3.5449076180E+00
4.3160457000E+01	3.5553239000E+00	3.6589022160E+00
4.4666139000E+01	3.5619976000E+00	3.6460969920E+00
4.4880258000E+01	2.4260596000E+00	3.7216263290E+00
4.5121559000E+01	1.3741764000E+00	3.7516901970E+00
4.6436335000E+01	0.0000000000E+00	3.7593577380E+00
3.6936402000E+01	1.1106489000E+01	2.9462171080E+00
3.6481392000E+01	1.1090935000E+01	2.9329720020E+00
3.6222163000E+01	1.0650781000E+01	2.8473918910E+00
3.5642383000E+01	1.0594217000E+01	2.8301668640E+00
3.5149867000E+01	1.0522392000E+01	2.8241644380E+00
3.4680035000E+01	1.0468338000E+01	2.8279214380E+00
3.4485384000E+01	9.9951515000E+00	2.7800000190E+00
3.3992867000E+01	9.9233261000E+00	2.7800000190E+00
3.3500351000E+01	9.8515008000E+00	2.7800000190E+00
4.1312742000E+01	1.3170117000E+01	3.3744512080E+00
4.0128868000E+01	1.2401281000E+01	3.1684129710E+00
3.9502525000E+01	1.1685482000E+01	3.0215018270E+00
3.8755915000E+01	1.1683841000E+01	3.0437453270E+00
3.8149395000E+01	1.1167239000E+01	2.9631770130E+00
3.7391411000E+01	1.1122043000E+01	2.9536262040E+00
4.5317048000E+01	1.5334684000E+01	3.5360432150E+00
4.4036519000E+01	1.4262501000E+01	3.4740379330E+00
4.2800606000E+01	1.3167755000E+01	3.3301535130E+00
4.6840453000E+01	1.6338086000E+01	3.4768002510E+00
3.5161099000E+01	9.5628669000E+00	2.7930980210E+00
3.5653616000E+01	9.6346922000E+00	2.7873492720E+00
3.6379940000E+01	9.7153102000E+00	2.7870805740E+00
3.4977900000E+01	1.0066977000E+01	2.7800000190E+00
3.7373611000E+01	9.7398593000E+00	2.7886398320E+00
3.6875885000E+01	9.7398593000E+00	2.7918704030E+00
3.8265723000E+01	9.1692434000E+00	2.8288534160E+00
3.8808865000E+01	9.1755739000E+00	2.8400352480E+00
3.8108000000E+01	9.7144845000E+00	2.7965565200E+00
4.0434691000E+01	8.6704078000E+00	2.8786006450E+00
3.9945928000E+01	9.1889749000E+00	2.8330591200E+00
3.9352008000E+01	9.1819044000E+00	2.8419476030E+00
4.1119628000E+01	8.6445478000E+00	2.8656580920E+00
4.1651895000E+01	7.9210411000E+00	2.9253526210E+00
4.3332829000E+01	7.1324911000E+00	3.1100643160E+00
4.2403588000E+01	7.9398643000E+00	2.9446077820E+00
4.4238630000E+01	5.8875048000E+00	3.3577306750E+00
4.4460790000E+01	4.7031866000E+00	3.5299828530E+00
4.5975811000E+01	4.7089029000E+00	3.5535769940E+00
4.6186001000E+01	3.5880505000E+00	3.6371968270E+00
4.6384908000E+01	2.4388794000E+00	3.7089567660E+00
4.6363057000E+01	1.1573280000E+00	3.7537444110E+00
4.7982431000E+01	1.1391018000E+00	3.7440302850E+00
4.8428044000E+01	0.0000000000E+00	3.7487345220E+00
3.7173118000E+01	1.0690884000E+01	2.8675890450E+00
3.6718108000E+01	1.0675330000E+01	2.8661129950E+00
3.6458879000E+01	1.0235176000E+01	2.7800000190E+00
3.5962933000E+01	1.0210627000E+01	2.7800000190E+00
3.5470417000E+01	1.0138802000E+01	2.7800000190E+00
4.2403588000E+01	1.2448968000E+01	3.1734948640E+00
4.1261079000E+01	1.2433734000E+01	3.1749330040E+00
4.0969137000E+01	1.1657589000E+01	3.0099118230E+00
4.0229855000E+01	1.1653660000E+01	3.0074444290E+00
3.9634708000E+01	1.1180613000E+01	2.9377112870E+00
3.8907378000E+01	1.1212435000E+01	2.9629762650E+00
3.8428827000E+01	1.0736080000E+01	2.8755131240E+00
3.7670844000E+01	1.0690884000E+01	2.8676333900E+00
4.6927545000E+01	1.5227226000E+01	3.5124125960E+00
4.5528903000E+01	1.4202182000E+01	3.4995370390E+00
4.4278844000E+01	1.3166887000E+01	3.3224020480E+00
4.3561330000E+01	1.2448968000E+01	3.1593187330E+00
4.8141145000E+01	1.4936366000E+01	3.4848106380E+00
4.8827021000E+01	1.6194725000E+01	3.4581149100E+00
3.7950277000E+01	1.0259726000E+01	2.7800000190E+00
3.7452551000E+01	1.0259726000E+01	2.7800000190E+00
3.6954824000E+01	1.0259726000E+01	2.7800000190E+00
3.8605726000E+01	9.7144845000E+00	2.8094821450E+00
3.9148868000E+01	9.7208150000E+00	2.8072989460E+00
3.8448003000E+01	1.0259726000E+01	2.7800000190E+00
4.0539849000E+01	9.1960454000E+00	2.8281543730E+00
4.0240515000E+01	9.7278855000E+00	2.8026535990E+00
3.9646595000E+01	9.7208150000E+00	2.8061159130E+00
4.1727690000E+01	8.6445478000E+00	2.8592181680E+00
4.1147910000E+01	9.1960454000E+00	2.8242788790E+00
4.3390685000E+01	7.9718087000E+00	2.9662340160E+00
4.4140202000E+01	7.9550977000E+00	2.9768941880E+00
4.4536272000E+01	7.1324911000E+00	3.1165957930E+00
4.2356963000E+01	8.6445478000E+00	2.8658628940E+00
4.3234108000E+01	8.6789508000E+00	2.8790231230E+00
4.5742358000E+01	5.8581532000E+00	3.3675601960E+00
4.7278974000E+01	5.8361919000E+00	3.3456144810E+00
4.7489321000E+01	4.7127294000E+00	3.5096300130E+00
4.7678172000E+01	3.5703682000E+00	3.6047733310E+00
4.7811936000E+01	2.3495002000E+00	3.6819193840E+00
4.9324457000E+01	2.3618601000E+00	3.6268067840E+00
4.9623391000E+01	1.1690482000E+00	3.6348517420E+00
5.0419752000E+01	0.0000000000E+00	3.5729792590E+00
4.3197089000E+01	1.1646402000E+01	3.0012305260E+00
4.2471481000E+01	1.1684390000E+01	3.0107679840E+00
4.1727020000E+01	1.1690777000E+01	3.0163109780E+00
4.1119921000E+01	1.1181980000E+01	2.9183428760E+00
4.0362038000E+01	1.1148791000E+01	2.9130769250E+00
4.0151610000E+01	1.0704258000E+01	2.8426487920E+00
3.9424280000E+01	1.0736080000E+01	2.8669305320E+00
3.8926554000E+01	1.0736080000E+01	2.8708968640E+00
4.6932659000E+01	1.4055978000E+01	3.4728463170E+00
4.5719818000E+01	1.3083637000E+01	3.3226271150E+00
4.4566739000E+01	1.2448968000E+01	3.1444788460E+00
4.3927395000E+01	1.1635672000E+01	2.9894912720E+00
4.9573247000E+01	1.5057759000E+01	3.4952798370E+00
4.8367042000E+01	1.3962154000E+01	3.4292431350E+00
5.0813588000E+01	1.6051365000E+01	3.4750397680E+00
3.8945729000E+01	1.0259726000E+01	2.7800000190E+00
3.9443455000E+01	1.0259726000E+01	2.7800000190E+00
4.0738241000E+01	9.7278855000E+00	2.7987852570E+00
4.0438908000E+01	1.0259726000E+01	2.7800000190E+00
3.9941182000E+01	1.0259726000E+01	2.7800000190E+00
4.1755972000E+01	9.1960454000E+00	2.8203144550E+00
4.1346303000E+01	9.7278855000E+00	2.8006070140E+00
4.3857443000E+01	8.6851797000E+00	2.8878520010E+00
4.4709739000E+01	8.7239639000E+00	2.8812706950E+00
4.5099910000E+01	7.9855646000E+00	2.9691894530E+00
4.5907283000E+01	7.0867907000E+00	3.0867746350E+00
4.2385244000E+01	9.1960454000E+00	2.8179769990E+00
4.3014517000E+01	9.1960454000E+00	2.8263619420E+00
4.3637853000E+01	9.2022743000E+00	2.8369338990E+00
4.7033715000E+01	6.9041233000E+00	3.1115475180E+00
4.8585060000E+01	6.9622655000E+00	3.0928061490E+00
4.8798068000E+01	5.8779897000E+00	3.2703536030E+00
4.8977106000E+01	4.7249865000E+00	3.4481020450E+00
4.9143003000E+01	3.5560570000E+00	3.5572381500E+00
5.0621564000E+01	3.5741037000E+00	3.4925747390E+00
5.0822424000E+01	2.4397236000E+00	3.5365570070E+00
5.1066907000E+01	1.3911863000E+00	3.5422821520E+00
5.2411460000E+01	1.7956574000E-04	3.4806325910E+00
4.3329021000E+01	1.1139191000E+01	2.9099669930E+00
4.2603413000E+01	1.1177179000E+01	2.9173806190E+00
4.1877804000E+01	1.1215168000E+01	2.9258370880E+00
4.1407219000E+01	1.0737447000E+01	2.8400133130E+00
4.0649336000E+01	1.0704258000E+01	2.8350821020E+00
4.7172854000E+01	1.2997923000E+01	3.3231776240E+00
4.6775590000E+01	1.2327100000E+01	3.1552434440E+00
4.5633081000E+01	1.2357567000E+01	3.1393216130E+00
4.5420486000E+01	1.1624113000E+01	2.9616222860E+00
4.4683531000E+01	1.1657787000E+01	2.9681537630E+00
4.4085157000E+01	1.1161306000E+01	2.9111099720E+00
5.1161291000E+01	1.4915515000E+01	3.5301604750E+00
4.9762982000E+01	1.3945565000E+01	3.4467230320E+00
4.8598439000E+01	1.2905677000E+01	3.2644680020E+00
5.2800156000E+01	1.5908004000E+01	3.5236835960E+00
4.0936634000E+01	1.0259726000E+01	2.7800000190E+00
4.1844029000E+01	9.7278855000E+00	2.7995646480E+00
4.1434360000E+01	1.0259726000E+01	2.7800000190E+00
4.4261188000E+01	9.2085032000E+00	2.8388751030E+00
4.4818623000E+01	9.2305562000E+00	2.8304756160E+00
4.5267174000E+01	8.7460169000E+00	2.8697185990E+00
4.5724481000E+01	7.9398643000E+00	2.9475005150E+00
4.6577555000E+01	7.8789305000E+00	2.9274673940E+00
4.2473302000E+01	9.7278855000E+00	2.7952456950E+00
4.3468754000E+01	9.7278855000E+00	2.8065417290E+00
4.2971028000E+01	9.7278855000E+00	2.7999849800E+00
4.4092090000E+01	9.7341144000E+00	2.8077784060E+00
4.7744006000E+01	7.7433545000E+00	2.9726167200E+00
4.8543596000E+01	7.7306626000E+00	2.9818294530E+00
4.9203575000E+01	7.7052789000E+00	2.9839382650E+00
5.0098120000E+01	7.0419076000E+00	3.0450983520E+00
5.0267272000E+01	5.8864640000E+00	3.2183299540E+00
5.0436568000E+01	4.7143850000E+00	3.3888004300E+00
5.1919034000E+01	4.7179776000E+00	3.3193288330E+00
5.2111180000E+01	3.5926399000E+00	3.4157016750E+00
5.2302116000E+01	2.4425696000E+00	3.4635630130E+00
5.2298164000E+01	1.1697693000E+00	3.4922032830E+00
5.3901923000E+01	1.1426490000E+00	3.4834373470E+00
5.4403169000E+01	1.0221793000E-02	3.4841559410E+00
4.3626006000E+01	1.0699458000E+01	2.8355312820E+00
4.3128280000E+01	1.0699458000E+01	2.8332863330E+00
4.2402672000E+01	1.0737447000E+01	2.8401756760E+00
4.1904945000E+01	1.0737447000E+01	2.8439414980E+00
4.7887632000E+01	1.2296633000E+01	3.1537559510E+00
4.7631502000E+01	1.1497904000E+01	3.0011482720E+00
4.6879161000E+01	1.1526080000E+01	2.9971385480E+00
4.6149437000E+01	1.1566372000E+01	2.9795411110E+00
4.5570245000E+01	1.1125680000E+01	2.8879569050E+00
4.4841294000E+01	1.1183421000E+01	2.9020102500E+00
4.4382143000E+01	1.0721573000E+01	2.8362904070E+00
5.2401759000E+01	1.4254158000E+01	3.5475135330E+00
5.0986792000E+01	1.3798428000E+01	3.5148654460E+00
4.9985825000E+01	1.2838852000E+01	3.3172429080E+00
4.9121542000E+01	1.2174765000E+01	3.1306350710E+00
5.3504937000E+01	1.5029131000E+01	3.5571229930E+00
5.4780226000E+01	1.5695319000E+01	3.5089812760E+00
4.1932086000E+01	1.0259726000E+01	2.7800000190E+00
4.4589816000E+01	9.7341144000E+00	2.8115256310E+00
4.5147251000E+01	9.7561674000E+00	2.8009076600E+00
4.5376058000E+01	9.2526092000E+00	2.8241765980E+00
4.5903517000E+01	8.7106645000E+00	2.8584981440E+00
4.7353876000E+01	8.5264608000E+00	2.8767991540E+00
4.6703392000E+01	8.5971656000E+00	2.8648741720E+00
4.2927539000E+01	1.0259726000E+01	2.7800000190E+00
4.2429813000E+01	1.0259726000E+01	2.7800000190E+00
4.3922991000E+01	1.0259726000E+01	2.7800000190E+00
4.3425265000E+01	1.0259726000E+01	2.7800000190E+00
4.4423074000E+01	1.0230393000E+01	2.7800000190E+00
4.8102263000E+01	8.4972296000E+00	2.8892937180E+00
4.8696183000E+01	8.4335953000E+00	2.9015274520E+00
4.9990472000E+01	7.7814302000E+00	2.9512696740E+00
4.9385022000E+01	8.3829399000E+00	2.8983707900E+00
5.0498148000E+01	7.7814302000E+00	2.9297090050E+00
5.1056592000E+01	7.7687383000E+00	2.9137599950E+00
5.1539445000E+01	7.0250825000E+00	2.9910793780E+00
5.1715267000E+01	5.8522130000E+00	3.1622632030E+00
5.3212594000E+01	5.8237798000E+00	3.1185367580E+00
5.3392448000E+01	4.6998861000E+00	3.2580771920E+00
5.3561985000E+01	3.5505472000E+00	3.3926055910E+00
5.3701020000E+01	2.3352579000E+00	3.4657583710E+00
5.5187920000E+01	2.3295099000E+00	3.5105174060E+00
5.5527225000E+01	1.1640917000E+00	3.5506439690E+00
5.6394877000E+01	2.0264021000E-02	3.5970547680E+00
4.8354685000E+01	1.1439823000E+01	3.0004692550E+00
4.7803878000E+01	1.1011586000E+01	2.9319849490E+00
4.7051537000E+01	1.1039763000E+01	2.9220183370E+00
4.6299195000E+01	1.1067939000E+01	2.8990927220E+00
4.6106546000E+01	1.0663832000E+01	2.8317971710E+00
4.5377595000E+01	1.0721573000E+01	2.8320093630E+00
4.4879869000E+01	1.0721573000E+01	2.8335493090E+00
5.4049192000E+01	1.4180771000E+01	3.5507290840E+00
5.2883372000E+01	1.3056718000E+01	3.4540937420E+00
5.1433251000E+01	1.2910424000E+01	3.4254467960E+00
5.0333154000E+01	1.1982449000E+01	3.1459706310E+00
4.9786800000E+01	1.1311838000E+01	2.9753504280E+00
4.9070011000E+01	1.1332549000E+01	2.9839406490E+00
5.5315477000E+01	1.4885247000E+01	3.5264671330E+00
5.6758832000E+01	1.5467018000E+01	3.4694722180E+00
4.4918444000E+01	1.0259726000E+01	2.7800000190E+00
4.5644977000E+01	9.7561674000E+00	2.7969797130E+00
4.5416170000E+01	1.0259726000E+01	2.7800000190E+00
4.6012402000E+01	9.2172568000E+00	2.8207977290E+00
4.6648745000E+01	9.1819044000E+00	2.8254392620E+00
4.7949714000E+01	9.0404948000E+00	2.8384099480E+00
4.7299230000E+01	9.1111996000E+00	2.8315449240E+00
4.8543634000E+01	8.9768604000E+00	2.8493612290E+00
4.9137555000E+01	8.9132261000E+00	2.8509648320E+00
4.9936520000E+01	8.2910237000E+00	2.8880651470E+00
5.0438524000E+01	8.2344598000E+00	2.8782830720E+00
4.9689053000E+01	8.8213098000E+00	2.8461707120E+00
5.1050099000E+01	8.1048727000E+00	2.8767116550E+00
5.1678495000E+01	7.8829654000E+00	2.8917518140E+00
5.2186171000E+01	7.6418194000E+00	2.9115360260E+00
5.2820766000E+01	6.8295379000E+00	2.9938393120E+00
5.3706813000E+01	6.5079193000E+00	3.0059302330E+00
5.4529420000E+01	5.7310130000E+00	3.0820415500E+00
5.4825961000E+01	4.6641613000E+00	3.2318537710E+00
5.4988573000E+01	3.5030217000E+00	3.4094348430E+00
5.6433031000E+01	3.4907751000E+00	3.3768082140E+00
5.6653261000E+01	2.3888790000E+00	3.4999864580E+00
5.6936312000E+01	1.3760892000E+00	3.5786996360E+00
5.8386586000E+01	3.0306248000E-02	3.5853915690E+00
4.8519205000E+01	1.0904312000E+01	2.9213049890E+00
4.8339022000E+01	1.0452124000E+01	2.8493209360E+00
4.7846299000E+01	1.0522513000E+01	2.8561518670E+00
4.7353575000E+01	1.0592902000E+01	2.8589039330E+00
4.6601234000E+01	1.0621079000E+01	2.8384852890E+00
4.6408584000E+01	1.0216972000E+01	2.7800000190E+00
4.5913896000E+01	1.0259726000E+01	2.7800000190E+00
5.5650406000E+01	1.4099850000E+01	3.5469198700E+00
5.4359056000E+01	1.3030298000E+01	3.4941607000E+00
5.3216355000E+01	1.1941353000E+01	3.2626486300E+00
5.2076833000E+01	1.1900563000E+01	3.2178371430E+00
5.1193292000E+01	1.1976730000E+01	3.1937861920E+00
5.0452476000E+01	1.1172255000E+01	2.9674196720E+00
4.9900208000E+01	1.0657455000E+01	2.8912864210E+00
4.9234532000E+01	1.0797038000E+01	2.9071305270E+00
5.7242637000E+01	1.4210790000E+01	3.5102468010E+00
5.8737438000E+01	1.5238718000E+01	3.4776330470E+00
4.6281321000E+01	9.7208150000E+00	2.7975116250E+00
4.7268732000E+01	9.6076724000E+00	2.8035307410E+00
4.6776008000E+01	9.6780615000E+00	2.7985578060E+00
4.8411941000E+01	9.4665784000E+00	2.8100131030E+00
4.7919217000E+01	9.5369675000E+00	2.8042843820E+00
4.9005861000E+01	9.4029441000E+00	2.8113034250E+00
4.9498585000E+01	9.3325550000E+00	2.8095326900E+00
5.0240550000E+01	8.7293935000E+00	2.8389456750E+00
5.0852125000E+01	8.5998064000E+00	2.8345125200E+00
5.0050082000E+01	9.2406387000E+00	2.8016372200E+00
5.1463701000E+01	8.4702193000E+00	2.8384368900E+00
5.2054108000E+01	8.2604233000E+00	2.8522470470E+00
5.2796179000E+01	7.4537144000E+00	2.9211748120E+00
5.2644514000E+01	8.0506273000E+00	2.8610699650E+00
5.3530118000E+01	7.2779627000E+00	2.9215088370E+00
5.4233981000E+01	7.1678274000E+00	2.9124129300E+00
5.4636054000E+01	6.4317520000E+00	2.9791050430E+00
5.5489127000E+01	6.3251178000E+00	2.9468589310E+00
5.5626228000E+01	5.5786785000E+00	3.0494342330E+00
5.6022298000E+01	4.5580368000E+00	3.2089953900E+00
5.7515177000E+01	4.5123365000E+00	3.1549001220E+00
5.7885885000E+01	3.4880564000E+00	3.3165479180E+00
5.8103175000E+01	2.3901465000E+00	3.4623799800E+00
5.8150186000E+01	1.1652615000E+00	3.5712318900E+00
5.9682613000E+01	1.1638987000E+00	3.4975464820E+00
6.0378294000E+01	4.0348476000E-02	3.4901178360E+00
4.9054349000E+01	1.0344850000E+01	2.8420837400E+00
4.8874167000E+01	9.8926621000E+00	2.7800000190E+00
4.8381443000E+01	9.9630512000E+00	2.7800000190E+00
4.7888719000E+01	1.0033440000E+01	2.7800000190E+00
4.7395995000E+01	1.0103829000E+01	2.7800000190E+00
4.6903272000E+01	1.0174219000E+01	2.7800000190E+00
5.5843735000E+01	1.3047761000E+01	3.5221446040E+00
5.4683599000E+01	1.1939174000E+01	3.3702714920E+00
5.4102883000E+01	1.1077956000E+01	3.1034689430E+00
5.2975607000E+01	1.1306458000E+01	3.1277001380E+00
5.2275014000E+01	1.0776718000E+01	3.0152636050E+00
5.1665803000E+01	1.0916329000E+01	3.0101204400E+00
5.1107359000E+01	1.1043248000E+01	2.9874725820E+00
5.0565884000E+01	1.0517872000E+01	2.8858256820E+00
5.0212749000E+01	1.0134878000E+01	2.8398972030E+00
4.9547073000E+01	1.0274461000E+01	2.8433192250E+00
5.8766223000E+01	1.3743891000E+01	3.5260630130E+00
5.7165713000E+01	1.3056120000E+01	3.5059948440E+00
6.0095295000E+01	1.3425119000E+01	3.5592182160E+00
6.0716044000E+01	1.5010417000E+01	3.5399623390E+00
4.9366891000E+01	9.8222730000E+00	2.7800000190E+00
4.9859615000E+01	9.7518839000E+00	2.7800000190E+00
5.0542806000E+01	9.1702496000E+00	2.8001130100E+00
5.1154381000E+01	9.0406624000E+00	2.7971616270E+00
5.0329543000E+01	9.6584516000E+00	2.7800000190E+00
5.1635145000E+01	8.9137885000E+00	2.7993999000E+00
5.2114112000E+01	8.7784284000E+00	2.8068154340E+00
5.2704518000E+01	8.5686324000E+00	2.8108695030E+00
5.3378453000E+01	7.8748756000E+00	2.8609316830E+00
5.3183485000E+01	8.4332723000E+00	2.8167975430E+00
5.4112392000E+01	7.6991239000E+00	2.8619854930E+00
5.4716165000E+01	7.0749007000E+00	2.9020624640E+00
5.4594576000E+01	7.6061973000E+00	2.8565679070E+00
5.5260593000E+01	7.0112664000E+00	2.8834200380E+00
5.6092385000E+01	6.7888133000E+00	2.8808415410E+00
5.5698606000E+01	6.9069472000E+00	2.8784366130E+00
5.6098466000E+01	6.1423164000E+00	2.9507308480E+00
5.6570703000E+01	5.3349431000E+00	3.0547154430E+00
5.7478152000E+01	5.6056106000E+00	2.9861226560E+00
5.8725129000E+01	5.3497031000E+00	2.9502597330E+00
5.9101225000E+01	4.5217277000E+00	3.0353188990E+00
5.9304331000E+01	3.4424850000E+00	3.1947849270E+00
5.9477462000E+01	2.3106597000E+00	3.3924029350E+00
6.0927503000E+01	2.3598988000E+00	3.2547488690E+00
6.1133251000E+01	1.3542228000E+00	3.3905549530E+00
6.2368426000E+01	1.0800529000E+00	3.3629372600E+00
6.2811644000E+01	0.0000000000E+00	3.4527566910E+00
5.6105539000E+01	1.1966985000E+01	3.4586234570E+00
5.5003772000E+01	1.0941713000E+01	3.0995517250E+00
5.4471251000E+01	1.0230252000E+01	2.9563014980E+00
5.3754425000E+01	1.0281553000E+01	2.9616261010E+00
5.3060800000E+01	1.0462705000E+01	2.9842236520E+00
5.2533634000E+01	1.0013862000E+01	2.9165356640E+00
5.2108926000E+01	1.0131982000E+01	2.9113495830E+00
5.1684217000E+01	1.0250102000E+01	2.9048645970E+00
5.1125051000E+01	1.0383987000E+01	2.8914921760E+00
5.0705473000E+01	1.0064489000E+01	2.8393033030E+00
5.9017084000E+01	1.2302916000E+01	3.4782577040E+00
5.7617106000E+01	1.2191492000E+01	3.4287581920E+00
6.1522985000E+01	1.3545074000E+01	3.6032546040E+00
6.0422612000E+01	1.2194881000E+01	3.5327489850E+00
6.2694650000E+01	1.4782116000E+01	3.6529260160E+00
5.0845062000E+01	9.6111056000E+00	2.7800000190E+00
5.1325826000E+01	9.4842317000E+00	2.7800000190E+00
5.1806589000E+01	9.3573578000E+00	2.7800000190E+00
5.2764522000E+01	9.0866376000E+00	2.7800000190E+00
5.2285556000E+01	9.2219977000E+00	2.7800000190E+00
5.3243489000E+01	8.9512774000E+00	2.7800000190E+00
5.3917424000E+01	8.2575206000E+00	2.8159120560E+00
5.3722456000E+01	8.8159173000E+00	2.7800000190E+00
5.4396391000E+01	8.1221605000E+00	2.8172979830E+00
5.5076760000E+01	7.5132706000E+00	2.8453090670E+00
5.4878574000E+01	8.0292338000E+00	2.8141627790E+00
5.5514773000E+01	7.4089514000E+00	2.8384006500E+00
5.5952786000E+01	7.3046322000E+00	2.8384531020E+00
5.6346566000E+01	7.1864983000E+00	2.8410754680E+00
5.6577568000E+01	6.6010837000E+00	2.8892703530E+00
5.6783971000E+01	5.8528807000E+00	2.9690881250E+00
5.7109249000E+01	6.3369875000E+00	2.9045930390E+00
5.7542406000E+01	6.2503561000E+00	2.9034803390E+00
5.7983439000E+01	6.1007199000E+00	2.9034996510E+00
5.8606927000E+01	5.9727662000E+00	2.8868144040E+00
5.9032209000E+01	5.8546323000E+00	2.8811078550E+00
5.9520496000E+01	5.6419914000E+00	2.8745890140E+00
5.9708544000E+01	5.2280037000E+00	2.8977096560E+00
6.0283602000E+01	4.3292340000E+00	2.9819093230E+00
6.0742222000E+01	3.4352076000E+00	3.0973139290E+00
6.1612977000E+01	3.3393603000E+00	3.0672755720E+00
6.2346033000E+01	2.2713198000E+00	3.1800852300E+00
6.3781699000E+01	2.1410339000E+00	3.1336112500E+00
6.3984387000E+01	1.0290275000E+00	3.3403671260E+00
6.5081529000E+01	2.6918895000E-02	3.4829109190E+00
5.6438543000E+01	1.0937862000E+01	3.1986554150E+00
5.5930281000E+01	1.0446729000E+01	3.0468528750E+00
5.5156427000E+01	1.0009735000E+01	2.9337177750E+00
5.4606061000E+01	9.4310410000E+00	2.8506558420E+00
5.3920884000E+01	9.6515575000E+00	2.8756306650E+00
5.3227260000E+01	9.8327097000E+00	2.9035869120E+00
5.2649078000E+01	9.5502497000E+00	2.8549876690E+00
5.2170112000E+01	9.6856098000E+00	2.8530734060E+00
5.1745403000E+01	9.8037300000E+00	2.8451381210E+00
5.1264640000E+01	9.9306040000E+00	2.8392766000E+00
5.9276684000E+01	1.1009939000E+01	3.3095717910E+00
5.7923320000E+01	1.1090798000E+01	3.2541246890E+00
6.3087167000E+01	1.3322320000E+01	3.6199188710E+00
6.1831888000E+01	1.2117468000E+01	3.5320728300E+00
6.0629632000E+01	1.0857332000E+01	3.3617935660E+00
6.4635829000E+01	1.4348050000E+01	3.5567381860E+00
5.3342703000E+01	9.3690975000E+00	2.8472018720E+00
5.3821670000E+01	9.2337374000E+00	2.8251295570E+00
5.4201422000E+01	8.6805572000E+00	2.7800000190E+00
5.4300637000E+01	9.0983773000E+00	2.8144276620E+00
5.4680389000E+01	8.5451971000E+00	2.7800000190E+00
5.5357308000E+01	7.8930576000E+00	2.8097672940E+00
5.5159122000E+01	8.4090208000E+00	2.7800000190E+00
5.5795321000E+01	7.7887384000E+00	2.8059807300E+00
5.6273494000E+01	7.6505996000E+00	2.8077850820E+00
5.6667273000E+01	7.5324658000E+00	2.8086348060E+00
5.6740345000E+01	7.0683645000E+00	2.8421278480E+00
5.7173502000E+01	6.9817330000E+00	2.8404059890E+00
5.7606660000E+01	6.8951016000E+00	2.8391249660E+00
5.8047693000E+01	6.7454654000E+00	2.8388734340E+00
5.8488726000E+01	6.5958292000E+00	2.8357701780E+00
5.8914007000E+01	6.4776954000E+00	2.8321235660E+00
5.9339289000E+01	6.3595615000E+00	2.8255980490E+00
6.0315862000E+01	5.9342798000E+00	2.8277342800E+00
5.9827576000E+01	6.1469207000E+00	2.8226771830E+00
6.0399405000E+01	5.1948988000E+00	2.8828728680E+00
6.0966448000E+01	4.9901335000E+00	2.8861208440E+00
6.1083191000E+01	4.2023150000E+00	2.9695888040E+00
6.1755862000E+01	4.1515474000E+00	2.9489307880E+00
6.2491992000E+01	4.0246284000E+00	2.9286282540E+00
6.2526984000E+01	3.2936599000E+00	3.0172114850E+00
6.3532393000E+01	3.1260919000E+00	2.9813950540E+00
6.4725766000E+01	2.8950495000E+00	2.9840510370E+00
6.5274174000E+01	2.0038862000E+00	3.1030376430E+00
6.5112327000E+01	9.8327272000E-01	3.3220901970E+00
6.6506075000E+01	9.5690785000E-01	3.1761758800E+00
5.6885940000E+01	1.0108030000E+01	3.0538094520E+00
5.6088588000E+01	9.6592770000E+00	2.9337416170E+00
5.5291237000E+01	9.2105246000E+00	2.8528230670E+00
5.4985813000E+01	8.8778608000E+00	2.8119068620E+00
5.9423099000E+01	9.7235003000E+00	3.0449164390E+00
5.8109855000E+01	9.9110584000E+00	3.0544918060E+00
6.4622811000E+01	1.3014248000E+01	3.5578642370E+00
6.3243379000E+01	1.1911031000E+01	3.5252957820E+00
6.2010684000E+01	1.0722225000E+01	3.3669147970E+00
6.0784777000E+01	9.5297882000E+00	3.0992889880E+00
6.6568094000E+01	1.3864983000E+01	3.4454184060E+00
5.5637856000E+01	8.2728446000E+00	2.7800000190E+00
5.5464546000E+01	8.7416846000E+00	2.8137677190E+00
5.6116028000E+01	8.1347058000E+00	2.7800000190E+00
5.6594201000E+01	7.9965671000E+00	2.7800000190E+00
5.7072373000E+01	7.8584283000E+00	2.7800000190E+00
5.7145446000E+01	7.3943270000E+00	2.8077588560E+00
5.7578603000E+01	7.3076956000E+00	2.8054657460E+00
5.8056776000E+01	7.1695568000E+00	2.8046491620E+00
5.8497809000E+01	7.0199206000E+00	2.8032868390E+00
5.8975981000E+01	6.8817819000E+00	2.8015556810E+00
5.9401263000E+01	6.7636480000E+00	2.7987220760E+00
5.9862156000E+01	6.5773797000E+00	2.7965910910E+00
6.0807284000E+01	6.1671857000E+00	2.7998712540E+00
6.0350442000E+01	6.3647388000E+00	2.7978573320E+00
6.0882905000E+01	5.7295145000E+00	2.8291018490E+00
6.1590867000E+01	4.7988342000E+00	2.8901031490E+00
6.1449947000E+01	5.5247492000E+00	2.8307753090E+00
6.2113164000E+01	4.6951042000E+00	2.8774853230E+00
6.2707754000E+01	4.4942286000E+00	2.8731143950E+00
6.3126587000E+01	3.9230932000E+00	2.9120483880E+00
6.3868556000E+01	3.7594586000E+00	2.9001753810E+00
6.4529302000E+01	3.6661103000E+00	2.9004855630E+00
6.5009713000E+01	3.4613450000E+00	2.9108391280E+00
6.5616133000E+01	3.2329529000E+00	2.9156663890E+00
6.5842871000E+01	2.7168644000E+00	2.9652498250E+00
6.6489940000E+01	1.8670057000E+00	3.0350034710E+00
6.7493091000E+01	1.6484466000E+00	2.9752245430E+00
5.7393598000E+01	9.3560262000E+00	2.9671795850E+00
5.6781640000E+01	9.4545117000E+00	2.9494228840E+00
5.5984289000E+01	9.0057593000E+00	2.8587122440E+00
6.0006904000E+01	8.7716117000E+00	2.9374828820E+00
5.9326065000E+01	8.8684677000E+00	2.9146354680E+00
5.8719645000E+01	9.0653574000E+00	2.9374070640E+00
5.8063023000E+01	9.1591365000E+00	2.9491689680E+00
6.5731044000E+01	1.2560874000E+01	3.5033507820E+00
6.4593232000E+01	1.1629836000E+01	3.5085359100E+00
6.3403303000E+01	1.0542479000E+01	3.3811395650E+00
6.2190503000E+01	9.4071609000E+00	3.1505434990E+00
6.1692402000E+01	8.4667927000E+00	2.9920356750E+00
6.0629075000E+01	8.5668464000E+00	2.9486685280E+00
6.6994453000E+01	1.2659953000E+01	3.4543424130E+00
6.8500360000E+01	1.3381917000E+01	3.4028954980E+00
5.6157598000E+01	8.5369193000E+00	2.8155770780E+00
5.6635771000E+01	8.3987805000E+00	2.8179793830E+00
5.7113943000E+01	8.2606418000E+00	2.8224688050E+00
5.7550546000E+01	7.7202896000E+00	2.7800000190E+00
5.8028719000E+01	7.5821508000E+00	2.7800000190E+00
5.8506891000E+01	7.4440120000E+00	2.7800000190E+00
5.8985064000E+01	7.3058733000E+00	2.7800000190E+00
5.9463237000E+01	7.1677345000E+00	2.7800000190E+00
5.9924130000E+01	6.9814661000E+00	2.7800000190E+00
6.0385023000E+01	6.7951978000E+00	2.7800000190E+00
6.1374326000E+01	5.9624204000E+00	2.7978196620E+00
6.1298706000E+01	6.4000916000E+00	2.7800000190E+00
6.0841864000E+01	6.5976447000E+00	2.7800000190E+00
6.1898856000E+01	5.3199839000E+00	2.8321953300E+00
6.1831168000E+01	5.7648673000E+00	2.7988169670E+00
6.2347764000E+01	5.1152186000E+00	2.8321607590E+00
6.3324337000E+01	4.7371903000E+00	2.8323433880E+00
6.2836051000E+01	4.9262044000E+00	2.8310926440E+00
6.3287287000E+01	4.4212443000E+00	2.8616075990E+00
6.3744071000E+01	4.2007278000E+00	2.8663163660E+00
6.4237905000E+01	4.2961574000E+00	2.8539782050E+00
6.4718316000E+01	4.0913921000E+00	2.8645165440E+00
6.5198727000E+01	3.8866268000E+00	2.8741217140E+00
6.5805148000E+01	3.6582347000E+00	2.8706815720E+00
6.6411568000E+01	3.4298426000E+00	2.8578358170E+00
6.6494812000E+01	2.7372517000E+00	2.9209633350E+00
6.7093356000E+01	2.4616061000E+00	2.9096806530E+00
6.7726944000E+01	2.3400005000E+00	2.8839602950E+00
6.8275691000E+01	2.0715427000E+00	2.8886650090E+00
5.7346765000E+01	8.6041043000E+00	2.8709087850E+00
5.6677340000E+01	8.8009940000E+00	2.8638232230E+00
5.9851203000E+01	7.8086698000E+00	2.8379965310E+00
5.9229031000E+01	8.0134351000E+00	2.8374634270E+00
5.8622611000E+01	8.2103248000E+00	2.8502495770E+00
5.8016191000E+01	8.4072146000E+00	2.8600228310E+00
6.6040494000E+01	1.1495494000E+01	3.4773207190E+00
6.4888812000E+01	1.0417891000E+01	3.4130666730E+00
6.3704399000E+01	9.3347300000E+00	3.2046318530E+00
6.2551717000E+01	8.2601282000E+00	2.9983253960E+00
6.2055961000E+01	7.7351267000E+00	2.9251339910E+00
6.1286262000E+01	7.9591168000E+00	2.9210434440E+00
6.0473374000E+01	7.6039045000E+00	2.8451686380E+00
6.7616617000E+01	1.1709642000E+01	3.4471354960E+00
6.9191170000E+01	1.1781720000E+01	3.4638760570E+00
7.0432626000E+01	1.2898851000E+01	3.4495502000E+00
5.7783368000E+01	8.0637520000E+00	2.8181717870E+00
5.8261541000E+01	7.9256133000E+00	2.8161693100E+00
5.8867961000E+01	7.7287236000E+00	2.8095744130E+00
5.9346134000E+01	7.5905848000E+00	2.8073812010E+00
5.9968305000E+01	7.3858195000E+00	2.8124883650E+00
6.0429198000E+01	7.1995511000E+00	2.8142052170E+00
6.0972614000E+01	7.0026614000E+00	2.8230755810E+00
6.1755547000E+01	6.2025385000E+00	2.7800000190E+00
6.1886297000E+01	6.6075553000E+00	2.8190854070E+00
6.1429456000E+01	6.8051084000E+00	2.8239486690E+00
6.2280076000E+01	5.5601020000E+00	2.7991092680E+00
6.2212389000E+01	6.0049854000E+00	2.7800000190E+00
6.2736918000E+01	5.3625489000E+00	2.7985930920E+00
6.3682656000E+01	4.9773984000E+00	2.8001049040E+00
6.3781121000E+01	4.5166738000E+00	2.8398426060E+00
6.3225204000E+01	5.1735348000E+00	2.7974620340E+00
6.4596923000E+01	4.5608180000E+00	2.8139184000E+00
6.4139440000E+01	4.7568820000E+00	2.8087947850E+00
6.5077333000E+01	4.3560527000E+00	2.8234355930E+00
6.5534816000E+01	4.1599888000E+00	2.8250041480E+00
6.6141236000E+01	3.9315967000E+00	2.8215663910E+00
6.6598719000E+01	3.7355327000E+00	2.8153181550E+00
6.7058883000E+01	3.5459432000E+00	2.8118749140E+00
6.7010113000E+01	3.1541970000E+00	2.8469028950E+00
6.7608657000E+01	2.8785514000E+00	2.8403392310E+00
6.8157405000E+01	2.6100937000E+00	2.8436701770E+00
6.8706152000E+01	2.3416360000E+00	2.8488560200E+00
6.6429598000E+01	1.0388719000E+01	3.4174981590E+00
6.5237373000E+01	9.2562294000E+00	3.2670727250E+00
6.3926176000E+01	8.1241115000E+00	3.0461173530E+00
6.3240814000E+01	7.3118300000E+00	2.9114070420E+00
6.2583626000E+01	7.5382369000E+00	2.9190092560E+00
6.2087870000E+01	7.0132354000E+00	2.8564916130E+00
6.1560205000E+01	7.2101251000E+00	2.8597834590E+00
6.1016790000E+01	7.4070148000E+00	2.8538396840E+00
6.7948800000E+01	1.0453686000E+01	3.4446428300E+00
7.0915704000E+01	1.1142387000E+01	3.5214503290E+00
6.9356964000E+01	1.0441160000E+01	3.4936511990E+00
7.2364891000E+01	1.2415784000E+01	3.5297916410E+00
6.2413961000E+01	6.4106656000E+00	2.8216717720E+00
6.2669230000E+01	5.8074324000E+00	2.7800000190E+00
6.3126072000E+01	5.6098793000E+00	2.7800000190E+00
6.3583523000E+01	5.4137429000E+00	2.7800000190E+00
6.4040975000E+01	5.2176066000E+00	2.7800000190E+00
6.4955940000E+01	4.8254787000E+00	2.7800000190E+00
6.4498457000E+01	5.0215426000E+00	2.7800000190E+00
6.5413422000E+01	4.6294147000E+00	2.7800000190E+00
6.5870905000E+01	4.4333507000E+00	2.7800000190E+00
6.6328387000E+01	4.2372868000E+00	2.7800000190E+00
6.6785870000E+01	4.0412228000E+00	2.7800000190E+00
6.7657428000E+01	3.2702976000E+00	2.8068964960E+00
6.7706199000E+01	3.6620437000E+00	2.7800000190E+00
6.7246034000E+01	3.8516333000E+00	2.7800000190E+00
6.8119555000E+01	3.0854467000E+00	2.8068585870E+00
6.8668303000E+01	2.8169890000E+00	2.8099422930E+00
6.9119254000E+01	2.6008371000E+00	2.8128059390E+00
6.6805143000E+01	9.1914914000E+00	3.3344076160E+00
6.5549724000E+01	8.0852320000E+00	3.1432822230E+00
6.4776534000E+01	7.4895166000E+00	3.0234153750E+00
6.3850025000E+01	7.0833758000E+00	2.9254966260E+00
6.3143199000E+01	6.5800780000E+00	2.8425117020E+00
6.2615534000E+01	6.8163457000E+00	2.8523052220E+00
6.8390734000E+01	9.2217774000E+00	3.4099922660E+00
7.2668072000E+01	1.0868845000E+01	3.5486271860E+00
7.1820534000E+01	9.6287370000E+00	3.5247409820E+00
7.0115960000E+01	9.4840049000E+00	3.4913053990E+00
7.4197948000E+01	1.1645170000E+01	3.4961605550E+00
6.2870803000E+01	6.2131125000E+00	2.8140645500E+00
6.3398467000E+01	5.9768448000E+00	2.8139091010E+00
6.3855919000E+01	5.7807085000E+00	2.8205609800E+00
6.4194569000E+01	5.5838188000E+00	2.8151584150E+00
6.4652052000E+01	5.3877548000E+00	2.8185773370E+00
6.5242721000E+01	5.1672383000E+00	2.8187728400E+00
6.5700203000E+01	4.9711744000E+00	2.8159287450E+00
6.6235743000E+01	4.7034044000E+00	2.8036075120E+00
6.6693226000E+01	4.5073404000E+00	2.8006058220E+00
6.7134259000E+01	4.3104507000E+00	2.7956653120E+00
6.8168326000E+01	3.4771928000E+00	2.7800000190E+00
6.7594423000E+01	4.1208611000E+00	2.7952180390E+00
6.8090585000E+01	3.9160958000E+00	2.7947702880E+00
6.8630453000E+01	3.2923420000E+00	2.7800000190E+00
6.9081405000E+01	3.0761901000E+00	2.7800000190E+00
6.9532356000E+01	2.8600382000E+00	2.7800000190E+00
6.7213142000E+01	7.9315702000E+00	3.2053449630E+00
6.5679400000E+01	6.9775655000E+00	3.0182185650E+00
6.5013782000E+01	6.4637982000E+00	2.9286249160E+00
6.4433852000E+01	6.8422298000E+00	2.9328847410E+00
6.3670863000E+01	6.3438104000E+00	2.8456511970E+00
6.9023702000E+01	8.1351929000E+00	3.3307986740E+00
7.3840334000E+01	9.5591389000E+00	3.5249627110E+00
7.2451403000E+01	8.2984056000E+00	3.4892564300E+00
7.0719516000E+01	8.2693452000E+00	3.3995788570E+00
7.6017002000E+01	1.0833970000E+01	3.4562745570E+00
7.5498888000E+01	9.9817502000E+00	3.4927928920E+00
6.4009513000E+01	6.1469207000E+00	2.8487248900E+00
6.4348164000E+01	5.9500310000E+00	2.8491442680E+00
6.4938833000E+01	5.7295145000E+00	2.8590982440E+00
6.5529502000E+01	5.5089980000E+00	2.8598719120E+00
6.6065042000E+01	5.2412280000E+00	2.8500490670E+00
6.6600582000E+01	4.9734580000E+00	2.8342934130E+00
6.7041615000E+01	4.7765683000E+00	2.8250761510E+00
6.7482648000E+01	4.5796785000E+00	2.8191514490E+00
6.8552712000E+01	3.7312449000E+00	2.7944777490E+00
6.7978810000E+01	4.3749132000E+00	2.8158877370E+00
6.8474972000E+01	4.1701479000E+00	2.8144050120E+00
6.9033123000E+01	3.5501064000E+00	2.7952120780E+00
6.9484075000E+01	3.3339546000E+00	2.7933102130E+00
6.9953161000E+01	3.1240726000E+00	2.8022323130E+00
6.8098706000E+01	6.9039853000E+00	3.0976129060E+00
6.6743782000E+01	6.6563682000E+00	3.0083420750E+00
6.6136642000E+01	6.0826831000E+00	2.9337041850E+00
6.5604451000E+01	6.2432818000E+00	2.9334450240E+00
6.9649445000E+01	6.9781529000E+00	3.1786678310E+00
7.5800952000E+01	8.4410213000E+00	3.5055881020E+00
7.4069780000E+01	7.8755642000E+00	3.4712284090E+00
7.2896718000E+01	6.9756375000E+00	3.3528609750E+00
7.1237800000E+01	7.0412828000E+00	3.2584393500E+00
7.7836056000E+01	1.0022770000E+01	3.4556420330E+00
6.6819929000E+01	5.7253428000E+00	2.9046249870E+00
6.7479908000E+01	5.4334291000E+00	2.8857210160E+00
6.8139887000E+01	5.1161316000E+00	2.8727870460E+00
6.8955383000E+01	3.9890094000E+00	2.8140521530E+00
6.9079087000E+01	4.3926935000E+00	2.8348560810E+00
6.8863325000E+01	4.9384451000E+00	2.8821166040E+00
6.9435794000E+01	3.8078709000E+00	2.8142800810E+00
6.9904880000E+01	3.5979889000E+00	2.8166645050E+00
7.0373965000E+01	3.3881070000E+00	2.8298402310E+00
6.8553438000E+01	5.7958924000E+00	2.9661818030E+00
7.0059524000E+01	5.6784061000E+00	3.0138700490E+00
7.7967985000E+01	8.1529818000E+00	3.4961276530E+00
7.6280859000E+01	7.0943931000E+00	3.4886253360E+00
7.4593733000E+01	6.0358044000E+00	3.3391728880E+00
7.3061336000E+01	5.9822018000E+00	3.2038069250E+00
7.1712027000E+01	5.9050583000E+00	3.1170390130E+00
7.9655111000E+01	9.2115705000E+00	3.4943342690E+00
6.9751758000E+01	4.0500122000E+00	2.8302853580E+00
6.9789833000E+01	4.4307691000E+00	2.8634322170E+00
7.0259434000E+01	4.0627041000E+00	2.8535628800E+00
7.0796724000E+01	3.6533670000E+00	2.8585544110E+00
7.1020401000E+01	4.7932254000E+00	2.9458840370E+00
7.2906608000E+01	4.9772157000E+00	3.0783322330E+00
7.1219482000E+01	3.9186270000E+00	2.8929238800E+00
