 Title = "Modflow CBB file Outputs "
variables="X","Y","Z","Layer",
ZONE t="CBB" SOLUTIONTIME=            242.3130,N=     408, E=     101, datapacking=block, zonetype=febrick, VARLOCATION=([4]=CELLCENTERED), AUXDATA TimeUnits = "SECONDS", AUXDATA LengthUnits = "METERS"
# x
  0.000000000000E+00  0.100000000000E+01  0.100000000000E+01  0.000000000000E+00  0.200000000000E+01
  0.200000000000E+01  0.300000000000E+01  0.300000000000E+01  0.400000000000E+01  0.400000000000E+01
  0.500000000000E+01  0.500000000000E+01  0.600000000000E+01  0.600000000000E+01  0.700000000000E+01
  0.700000000000E+01  0.800000000000E+01  0.800000000000E+01  0.900000000000E+01  0.900000000000E+01
  0.100000000000E+02  0.100000000000E+02  0.110000000000E+02  0.110000000000E+02  0.120000000000E+02
  0.120000000000E+02  0.130000000000E+02  0.130000000000E+02  0.140000000000E+02  0.140000000000E+02
  0.150000000000E+02  0.150000000000E+02  0.160000000000E+02  0.160000000000E+02  0.170000000000E+02
  0.170000000000E+02  0.180000000000E+02  0.180000000000E+02  0.190000000000E+02  0.190000000000E+02
  0.200000000000E+02  0.200000000000E+02  0.210000000000E+02  0.210000000000E+02  0.220000000000E+02
  0.220000000000E+02  0.230000000000E+02  0.230000000000E+02  0.240000000000E+02  0.240000000000E+02
  0.250000000000E+02  0.250000000000E+02  0.260000000000E+02  0.260000000000E+02  0.270000000000E+02
  0.270000000000E+02  0.280000000000E+02  0.280000000000E+02  0.290000000000E+02  0.290000000000E+02
  0.300000000000E+02  0.300000000000E+02  0.310000000000E+02  0.310000000000E+02  0.320000000000E+02
  0.320000000000E+02  0.330000000000E+02  0.330000000000E+02  0.340000000000E+02  0.340000000000E+02
  0.350000000000E+02  0.350000000000E+02  0.360000000000E+02  0.360000000000E+02  0.370000000000E+02
  0.370000000000E+02  0.380000000000E+02  0.380000000000E+02  0.390000000000E+02  0.390000000000E+02
  0.400000000000E+02  0.400000000000E+02  0.410000000000E+02  0.410000000000E+02  0.420000000000E+02
  0.420000000000E+02  0.430000000000E+02  0.430000000000E+02  0.440000000000E+02  0.440000000000E+02
  0.450000000000E+02  0.450000000000E+02  0.460000000000E+02  0.460000000000E+02  0.470000000000E+02
  0.470000000000E+02  0.480000000000E+02  0.480000000000E+02  0.490000000000E+02  0.490000000000E+02
  0.500000000000E+02  0.500000000000E+02  0.510000000000E+02  0.510000000000E+02  0.520000000000E+02
  0.520000000000E+02  0.530000000000E+02  0.530000000000E+02  0.540000000000E+02  0.540000000000E+02
  0.550000000000E+02  0.550000000000E+02  0.560000000000E+02  0.560000000000E+02  0.570000000000E+02
  0.570000000000E+02  0.580000000000E+02  0.580000000000E+02  0.590000000000E+02  0.590000000000E+02
  0.600000000000E+02  0.600000000000E+02  0.610000000000E+02  0.610000000000E+02  0.620000000000E+02
  0.620000000000E+02  0.630000000000E+02  0.630000000000E+02  0.640000000000E+02  0.640000000000E+02
  0.650000000000E+02  0.650000000000E+02  0.660000000000E+02  0.660000000000E+02  0.670000000000E+02
  0.670000000000E+02  0.680000000000E+02  0.680000000000E+02  0.690000000000E+02  0.690000000000E+02
  0.700000000000E+02  0.700000000000E+02  0.710000000000E+02  0.710000000000E+02  0.720000000000E+02
  0.720000000000E+02  0.730000000000E+02  0.730000000000E+02  0.740000000000E+02  0.740000000000E+02
  0.750000000000E+02  0.750000000000E+02  0.760000000000E+02  0.760000000000E+02  0.770000000000E+02
  0.770000000000E+02  0.780000000000E+02  0.780000000000E+02  0.790000000000E+02  0.790000000000E+02
  0.800000000000E+02  0.800000000000E+02  0.810000000000E+02  0.810000000000E+02  0.820000000000E+02
  0.820000000000E+02  0.830000000000E+02  0.830000000000E+02  0.840000000000E+02  0.840000000000E+02
  0.850000000000E+02  0.850000000000E+02  0.860000000000E+02  0.860000000000E+02  0.870000000000E+02
  0.870000000000E+02  0.880000000000E+02  0.880000000000E+02  0.890000000000E+02  0.890000000000E+02
  0.900000000000E+02  0.900000000000E+02  0.910000000000E+02  0.910000000000E+02  0.920000000000E+02
  0.920000000000E+02  0.930000000000E+02  0.930000000000E+02  0.940000000000E+02  0.940000000000E+02
  0.950000000000E+02  0.950000000000E+02  0.960000000000E+02  0.960000000000E+02  0.970000000000E+02
  0.970000000000E+02  0.980000000000E+02  0.980000000000E+02  0.990000000000E+02  0.990000000000E+02
  0.100000000000E+03  0.100000000000E+03  0.101000000000E+03  0.101000000000E+03  0.000000000000E+00
  0.100000000000E+01  0.100000000000E+01  0.000000000000E+00  0.200000000000E+01  0.200000000000E+01
  0.300000000000E+01  0.300000000000E+01  0.400000000000E+01  0.400000000000E+01  0.500000000000E+01
  0.500000000000E+01  0.600000000000E+01  0.600000000000E+01  0.700000000000E+01  0.700000000000E+01
  0.800000000000E+01  0.800000000000E+01  0.900000000000E+01  0.900000000000E+01  0.100000000000E+02
  0.100000000000E+02  0.110000000000E+02  0.110000000000E+02  0.120000000000E+02  0.120000000000E+02
  0.130000000000E+02  0.130000000000E+02  0.140000000000E+02  0.140000000000E+02  0.150000000000E+02
  0.150000000000E+02  0.160000000000E+02  0.160000000000E+02  0.170000000000E+02  0.170000000000E+02
  0.180000000000E+02  0.180000000000E+02  0.190000000000E+02  0.190000000000E+02  0.200000000000E+02
  0.200000000000E+02  0.210000000000E+02  0.210000000000E+02  0.220000000000E+02  0.220000000000E+02
  0.230000000000E+02  0.230000000000E+02  0.240000000000E+02  0.240000000000E+02  0.250000000000E+02
  0.250000000000E+02  0.260000000000E+02  0.260000000000E+02  0.270000000000E+02  0.270000000000E+02
  0.280000000000E+02  0.280000000000E+02  0.290000000000E+02  0.290000000000E+02  0.300000000000E+02
  0.300000000000E+02  0.310000000000E+02  0.310000000000E+02  0.320000000000E+02  0.320000000000E+02
  0.330000000000E+02  0.330000000000E+02  0.340000000000E+02  0.340000000000E+02  0.350000000000E+02
  0.350000000000E+02  0.360000000000E+02  0.360000000000E+02  0.370000000000E+02  0.370000000000E+02
  0.380000000000E+02  0.380000000000E+02  0.390000000000E+02  0.390000000000E+02  0.400000000000E+02
  0.400000000000E+02  0.410000000000E+02  0.410000000000E+02  0.420000000000E+02  0.420000000000E+02
  0.430000000000E+02  0.430000000000E+02  0.440000000000E+02  0.440000000000E+02  0.450000000000E+02
  0.450000000000E+02  0.460000000000E+02  0.460000000000E+02  0.470000000000E+02  0.470000000000E+02
  0.480000000000E+02  0.480000000000E+02  0.490000000000E+02  0.490000000000E+02  0.500000000000E+02
  0.500000000000E+02  0.510000000000E+02  0.510000000000E+02  0.520000000000E+02  0.520000000000E+02
  0.530000000000E+02  0.530000000000E+02  0.540000000000E+02  0.540000000000E+02  0.550000000000E+02
  0.550000000000E+02  0.560000000000E+02  0.560000000000E+02  0.570000000000E+02  0.570000000000E+02
  0.580000000000E+02  0.580000000000E+02  0.590000000000E+02  0.590000000000E+02  0.600000000000E+02
  0.600000000000E+02  0.610000000000E+02  0.610000000000E+02  0.620000000000E+02  0.620000000000E+02
  0.630000000000E+02  0.630000000000E+02  0.640000000000E+02  0.640000000000E+02  0.650000000000E+02
  0.650000000000E+02  0.660000000000E+02  0.660000000000E+02  0.670000000000E+02  0.670000000000E+02
  0.680000000000E+02  0.680000000000E+02  0.690000000000E+02  0.690000000000E+02  0.700000000000E+02
  0.700000000000E+02  0.710000000000E+02  0.710000000000E+02  0.720000000000E+02  0.720000000000E+02
  0.730000000000E+02  0.730000000000E+02  0.740000000000E+02  0.740000000000E+02  0.750000000000E+02
  0.750000000000E+02  0.760000000000E+02  0.760000000000E+02  0.770000000000E+02  0.770000000000E+02
  0.780000000000E+02  0.780000000000E+02  0.790000000000E+02  0.790000000000E+02  0.800000000000E+02
  0.800000000000E+02  0.810000000000E+02  0.810000000000E+02  0.820000000000E+02  0.820000000000E+02
  0.830000000000E+02  0.830000000000E+02  0.840000000000E+02  0.840000000000E+02  0.850000000000E+02
  0.850000000000E+02  0.860000000000E+02  0.860000000000E+02  0.870000000000E+02  0.870000000000E+02
  0.880000000000E+02  0.880000000000E+02  0.890000000000E+02  0.890000000000E+02  0.900000000000E+02
  0.900000000000E+02  0.910000000000E+02  0.910000000000E+02  0.920000000000E+02  0.920000000000E+02
  0.930000000000E+02  0.930000000000E+02  0.940000000000E+02  0.940000000000E+02  0.950000000000E+02
  0.950000000000E+02  0.960000000000E+02  0.960000000000E+02  0.970000000000E+02  0.970000000000E+02
  0.980000000000E+02  0.980000000000E+02  0.990000000000E+02  0.990000000000E+02  0.100000000000E+03
  0.100000000000E+03  0.101000000000E+03  0.101000000000E+03
# y
  0.000000000000E+00  0.000000000000E+00  0.100000000000E+01  0.100000000000E+01  0.000000000000E+00
  0.100000000000E+01  0.000000000000E+00  0.100000000000E+01  0.000000000000E+00  0.100000000000E+01
  0.000000000000E+00  0.100000000000E+01  0.000000000000E+00  0.100000000000E+01  0.000000000000E+00
  0.100000000000E+01  0.000000000000E+00  0.100000000000E+01  0.000000000000E+00  0.100000000000E+01
  0.000000000000E+00  0.100000000000E+01  0.000000000000E+00  0.100000000000E+01  0.000000000000E+00
  0.100000000000E+01  0.000000000000E+00  0.100000000000E+01  0.000000000000E+00  0.100000000000E+01
  0.000000000000E+00  0.100000000000E+01  0.000000000000E+00  0.100000000000E+01  0.000000000000E+00
  0.100000000000E+01  0.000000000000E+00  0.100000000000E+01  0.000000000000E+00  0.100000000000E+01
  0.000000000000E+00  0.100000000000E+01  0.000000000000E+00  0.100000000000E+01  0.000000000000E+00
  0.100000000000E+01  0.000000000000E+00  0.100000000000E+01  0.000000000000E+00  0.100000000000E+01
  0.000000000000E+00  0.100000000000E+01  0.000000000000E+00  0.100000000000E+01  0.000000000000E+00
  0.100000000000E+01  0.000000000000E+00  0.100000000000E+01  0.000000000000E+00  0.100000000000E+01
  0.000000000000E+00  0.100000000000E+01  0.000000000000E+00  0.100000000000E+01  0.000000000000E+00
  0.100000000000E+01  0.000000000000E+00  0.100000000000E+01  0.000000000000E+00  0.100000000000E+01
  0.000000000000E+00  0.100000000000E+01  0.000000000000E+00  0.100000000000E+01  0.000000000000E+00
  0.100000000000E+01  0.000000000000E+00  0.100000000000E+01  0.000000000000E+00  0.100000000000E+01
  0.000000000000E+00  0.100000000000E+01  0.000000000000E+00  0.100000000000E+01  0.000000000000E+00
  0.100000000000E+01  0.000000000000E+00  0.100000000000E+01  0.000000000000E+00  0.100000000000E+01
  0.000000000000E+00  0.100000000000E+01  0.000000000000E+00  0.100000000000E+01  0.000000000000E+00
  0.100000000000E+01  0.000000000000E+00  0.100000000000E+01  0.000000000000E+00  0.100000000000E+01
  0.000000000000E+00  0.100000000000E+01  0.000000000000E+00  0.100000000000E+01  0.000000000000E+00
  0.100000000000E+01  0.000000000000E+00  0.100000000000E+01  0.000000000000E+00  0.100000000000E+01
  0.000000000000E+00  0.100000000000E+01  0.000000000000E+00  0.100000000000E+01  0.000000000000E+00
  0.100000000000E+01  0.000000000000E+00  0.100000000000E+01  0.000000000000E+00  0.100000000000E+01
  0.000000000000E+00  0.100000000000E+01  0.000000000000E+00  0.100000000000E+01  0.000000000000E+00
  0.100000000000E+01  0.000000000000E+00  0.100000000000E+01  0.000000000000E+00  0.100000000000E+01
  0.000000000000E+00  0.100000000000E+01  0.000000000000E+00  0.100000000000E+01  0.000000000000E+00
  0.100000000000E+01  0.000000000000E+00  0.100000000000E+01  0.000000000000E+00  0.100000000000E+01
  0.000000000000E+00  0.100000000000E+01  0.000000000000E+00  0.100000000000E+01  0.000000000000E+00
  0.100000000000E+01  0.000000000000E+00  0.100000000000E+01  0.000000000000E+00  0.100000000000E+01
  0.000000000000E+00  0.100000000000E+01  0.000000000000E+00  0.100000000000E+01  0.000000000000E+00
  0.100000000000E+01  0.000000000000E+00  0.100000000000E+01  0.000000000000E+00  0.100000000000E+01
  0.000000000000E+00  0.100000000000E+01  0.000000000000E+00  0.100000000000E+01  0.000000000000E+00
  0.100000000000E+01  0.000000000000E+00  0.100000000000E+01  0.000000000000E+00  0.100000000000E+01
  0.000000000000E+00  0.100000000000E+01  0.000000000000E+00  0.100000000000E+01  0.000000000000E+00
  0.100000000000E+01  0.000000000000E+00  0.100000000000E+01  0.000000000000E+00  0.100000000000E+01
  0.000000000000E+00  0.100000000000E+01  0.000000000000E+00  0.100000000000E+01  0.000000000000E+00
  0.100000000000E+01  0.000000000000E+00  0.100000000000E+01  0.000000000000E+00  0.100000000000E+01
  0.000000000000E+00  0.100000000000E+01  0.000000000000E+00  0.100000000000E+01  0.000000000000E+00
  0.100000000000E+01  0.000000000000E+00  0.100000000000E+01  0.000000000000E+00  0.100000000000E+01
  0.000000000000E+00  0.100000000000E+01  0.000000000000E+00  0.100000000000E+01  0.000000000000E+00
  0.000000000000E+00  0.100000000000E+01  0.100000000000E+01  0.000000000000E+00  0.100000000000E+01
  0.000000000000E+00  0.100000000000E+01  0.000000000000E+00  0.100000000000E+01  0.000000000000E+00
  0.100000000000E+01  0.000000000000E+00  0.100000000000E+01  0.000000000000E+00  0.100000000000E+01
  0.000000000000E+00  0.100000000000E+01  0.000000000000E+00  0.100000000000E+01  0.000000000000E+00
  0.100000000000E+01  0.000000000000E+00  0.100000000000E+01  0.000000000000E+00  0.100000000000E+01
  0.000000000000E+00  0.100000000000E+01  0.000000000000E+00  0.100000000000E+01  0.000000000000E+00
  0.100000000000E+01  0.000000000000E+00  0.100000000000E+01  0.000000000000E+00  0.100000000000E+01
  0.000000000000E+00  0.100000000000E+01  0.000000000000E+00  0.100000000000E+01  0.000000000000E+00
  0.100000000000E+01  0.000000000000E+00  0.100000000000E+01  0.000000000000E+00  0.100000000000E+01
  0.000000000000E+00  0.100000000000E+01  0.000000000000E+00  0.100000000000E+01  0.000000000000E+00
  0.100000000000E+01  0.000000000000E+00  0.100000000000E+01  0.000000000000E+00  0.100000000000E+01
  0.000000000000E+00  0.100000000000E+01  0.000000000000E+00  0.100000000000E+01  0.000000000000E+00
  0.100000000000E+01  0.000000000000E+00  0.100000000000E+01  0.000000000000E+00  0.100000000000E+01
  0.000000000000E+00  0.100000000000E+01  0.000000000000E+00  0.100000000000E+01  0.000000000000E+00
  0.100000000000E+01  0.000000000000E+00  0.100000000000E+01  0.000000000000E+00  0.100000000000E+01
  0.000000000000E+00  0.100000000000E+01  0.000000000000E+00  0.100000000000E+01  0.000000000000E+00
  0.100000000000E+01  0.000000000000E+00  0.100000000000E+01  0.000000000000E+00  0.100000000000E+01
  0.000000000000E+00  0.100000000000E+01  0.000000000000E+00  0.100000000000E+01  0.000000000000E+00
  0.100000000000E+01  0.000000000000E+00  0.100000000000E+01  0.000000000000E+00  0.100000000000E+01
  0.000000000000E+00  0.100000000000E+01  0.000000000000E+00  0.100000000000E+01  0.000000000000E+00
  0.100000000000E+01  0.000000000000E+00  0.100000000000E+01  0.000000000000E+00  0.100000000000E+01
  0.000000000000E+00  0.100000000000E+01  0.000000000000E+00  0.100000000000E+01  0.000000000000E+00
  0.100000000000E+01  0.000000000000E+00  0.100000000000E+01  0.000000000000E+00  0.100000000000E+01
  0.000000000000E+00  0.100000000000E+01  0.000000000000E+00  0.100000000000E+01  0.000000000000E+00
  0.100000000000E+01  0.000000000000E+00  0.100000000000E+01  0.000000000000E+00  0.100000000000E+01
  0.000000000000E+00  0.100000000000E+01  0.000000000000E+00  0.100000000000E+01  0.000000000000E+00
  0.100000000000E+01  0.000000000000E+00  0.100000000000E+01  0.000000000000E+00  0.100000000000E+01
  0.000000000000E+00  0.100000000000E+01  0.000000000000E+00  0.100000000000E+01  0.000000000000E+00
  0.100000000000E+01  0.000000000000E+00  0.100000000000E+01  0.000000000000E+00  0.100000000000E+01
  0.000000000000E+00  0.100000000000E+01  0.000000000000E+00  0.100000000000E+01  0.000000000000E+00
  0.100000000000E+01  0.000000000000E+00  0.100000000000E+01  0.000000000000E+00  0.100000000000E+01
  0.000000000000E+00  0.100000000000E+01  0.000000000000E+00  0.100000000000E+01  0.000000000000E+00
  0.100000000000E+01  0.000000000000E+00  0.100000000000E+01  0.000000000000E+00  0.100000000000E+01
  0.000000000000E+00  0.100000000000E+01  0.000000000000E+00  0.100000000000E+01  0.000000000000E+00
  0.100000000000E+01  0.000000000000E+00  0.100000000000E+01  0.000000000000E+00  0.100000000000E+01
  0.000000000000E+00  0.100000000000E+01  0.000000000000E+00  0.100000000000E+01  0.000000000000E+00
  0.100000000000E+01  0.000000000000E+00  0.100000000000E+01  0.000000000000E+00  0.100000000000E+01
  0.000000000000E+00  0.100000000000E+01  0.000000000000E+00  0.100000000000E+01  0.000000000000E+00
  0.100000000000E+01  0.000000000000E+00  0.100000000000E+01  0.000000000000E+00  0.100000000000E+01
  0.000000000000E+00  0.100000000000E+01  0.000000000000E+00  0.100000000000E+01  0.000000000000E+00
  0.100000000000E+01  0.000000000000E+00  0.100000000000E+01
# z
  0.200000000000E+01  0.200000000000E+01  0.200000000000E+01  0.200000000000E+01  0.199000000000E+01
  0.199000000000E+01  0.198000000000E+01  0.198000000000E+01  0.197000000000E+01  0.197000000000E+01
  0.196000000000E+01  0.196000000000E+01  0.195000000000E+01  0.195000000000E+01  0.194000000000E+01
  0.194000000000E+01  0.193000000000E+01  0.193000000000E+01  0.192000000000E+01  0.192000000000E+01
  0.191000000000E+01  0.191000000000E+01  0.190000000000E+01  0.190000000000E+01  0.189000000000E+01
  0.189000000000E+01  0.188000000000E+01  0.188000000000E+01  0.187000000000E+01  0.187000000000E+01
  0.186000000000E+01  0.186000000000E+01  0.185000000000E+01  0.185000000000E+01  0.184000000000E+01
  0.184000000000E+01  0.183000000000E+01  0.183000000000E+01  0.182000000000E+01  0.182000000000E+01
  0.181000000000E+01  0.181000000000E+01  0.180000000000E+01  0.180000000000E+01  0.179000000000E+01
  0.179000000000E+01  0.178000000000E+01  0.178000000000E+01  0.177000000000E+01  0.177000000000E+01
  0.176000000000E+01  0.176000000000E+01  0.175000000000E+01  0.175000000000E+01  0.174000000000E+01
  0.174000000000E+01  0.173000000000E+01  0.173000000000E+01  0.172000000000E+01  0.172000000000E+01
  0.171000000000E+01  0.171000000000E+01  0.170000000000E+01  0.170000000000E+01  0.169000000000E+01
  0.169000000000E+01  0.168000000000E+01  0.168000000000E+01  0.167000000000E+01  0.167000000000E+01
  0.166000000000E+01  0.166000000000E+01  0.165000000000E+01  0.165000000000E+01  0.164000000000E+01
  0.164000000000E+01  0.163000000000E+01  0.163000000000E+01  0.162000000000E+01  0.162000000000E+01
  0.161000000000E+01  0.161000000000E+01  0.160000000000E+01  0.160000000000E+01  0.159000000000E+01
  0.159000000000E+01  0.158000000000E+01  0.158000000000E+01  0.157000000000E+01  0.157000000000E+01
  0.156000000000E+01  0.156000000000E+01  0.155000000000E+01  0.155000000000E+01  0.154000000000E+01
  0.154000000000E+01  0.153000000000E+01  0.153000000000E+01  0.152000000000E+01  0.152000000000E+01
  0.151000000000E+01  0.151000000000E+01  0.150000000000E+01  0.150000000000E+01  0.149000000000E+01
  0.149000000000E+01  0.148000000000E+01  0.148000000000E+01  0.147000000000E+01  0.147000000000E+01
  0.146000000000E+01  0.146000000000E+01  0.145000000000E+01  0.145000000000E+01  0.144000000000E+01
  0.144000000000E+01  0.143000000000E+01  0.143000000000E+01  0.142000000000E+01  0.142000000000E+01
  0.141000000000E+01  0.141000000000E+01  0.140000000000E+01  0.140000000000E+01  0.139000000000E+01
  0.139000000000E+01  0.138000000000E+01  0.138000000000E+01  0.137000000000E+01  0.137000000000E+01
  0.136000000000E+01  0.136000000000E+01  0.135000000000E+01  0.135000000000E+01  0.134000000000E+01
  0.134000000000E+01  0.133000000000E+01  0.133000000000E+01  0.132000000000E+01  0.132000000000E+01
  0.131000000000E+01  0.131000000000E+01  0.130000000000E+01  0.130000000000E+01  0.129000000000E+01
  0.129000000000E+01  0.128000000000E+01  0.128000000000E+01  0.127000000000E+01  0.127000000000E+01
  0.126000000000E+01  0.126000000000E+01  0.125000000000E+01  0.125000000000E+01  0.124000000000E+01
  0.124000000000E+01  0.123000000000E+01  0.123000000000E+01  0.122000000000E+01  0.122000000000E+01
  0.121000000000E+01  0.121000000000E+01  0.120000000000E+01  0.120000000000E+01  0.119000000000E+01
  0.119000000000E+01  0.118000000000E+01  0.118000000000E+01  0.117000000000E+01  0.117000000000E+01
  0.116000000000E+01  0.116000000000E+01  0.115000000000E+01  0.115000000000E+01  0.114000000000E+01
  0.114000000000E+01  0.113000000000E+01  0.113000000000E+01  0.112000000000E+01  0.112000000000E+01
  0.111000000000E+01  0.111000000000E+01  0.110000000000E+01  0.110000000000E+01  0.109000000000E+01
  0.109000000000E+01  0.108000000000E+01  0.108000000000E+01  0.107000000000E+01  0.107000000000E+01
  0.106000000000E+01  0.106000000000E+01  0.105000000000E+01  0.105000000000E+01  0.104000000000E+01
  0.104000000000E+01  0.103000000000E+01  0.103000000000E+01  0.102000000000E+01  0.102000000000E+01
  0.101000000000E+01  0.101000000000E+01  0.100000000000E+01  0.100000000000E+01  0.100000000000E+01
  0.100000000000E+01  0.100000000000E+01  0.100000000000E+01  0.990000000000E+00  0.990000000000E+00
  0.980000000000E+00  0.980000000000E+00  0.970000000000E+00  0.970000000000E+00  0.960000000000E+00
  0.960000000000E+00  0.950000000000E+00  0.950000000000E+00  0.940000000000E+00  0.940000000000E+00
  0.930000000000E+00  0.930000000000E+00  0.920000000000E+00  0.920000000000E+00  0.910000000000E+00
  0.910000000000E+00  0.900000000000E+00  0.900000000000E+00  0.890000000000E+00  0.890000000000E+00
  0.880000000000E+00  0.880000000000E+00  0.870000000000E+00  0.870000000000E+00  0.860000000000E+00
  0.860000000000E+00  0.850000000000E+00  0.850000000000E+00  0.840000000000E+00  0.840000000000E+00
  0.830000000000E+00  0.830000000000E+00  0.820000000000E+00  0.820000000000E+00  0.810000000000E+00
  0.810000000000E+00  0.800000000000E+00  0.800000000000E+00  0.790000000000E+00  0.790000000000E+00
  0.780000000000E+00  0.780000000000E+00  0.770000000000E+00  0.770000000000E+00  0.760000000000E+00
  0.760000000000E+00  0.750000000000E+00  0.750000000000E+00  0.740000000000E+00  0.740000000000E+00
  0.730000000000E+00  0.730000000000E+00  0.720000000000E+00  0.720000000000E+00  0.710000000000E+00
  0.710000000000E+00  0.700000000000E+00  0.700000000000E+00  0.690000000000E+00  0.690000000000E+00
  0.680000000000E+00  0.680000000000E+00  0.670000000000E+00  0.670000000000E+00  0.660000000000E+00
  0.660000000000E+00  0.650000000000E+00  0.650000000000E+00  0.640000000000E+00  0.640000000000E+00
  0.630000000000E+00  0.630000000000E+00  0.620000000000E+00  0.620000000000E+00  0.610000000000E+00
  0.610000000000E+00  0.600000000000E+00  0.600000000000E+00  0.590000000000E+00  0.590000000000E+00
  0.580000000000E+00  0.580000000000E+00  0.570000000000E+00  0.570000000000E+00  0.560000000000E+00
  0.560000000000E+00  0.550000000000E+00  0.550000000000E+00  0.540000000000E+00  0.540000000000E+00
  0.530000000000E+00  0.530000000000E+00  0.520000000000E+00  0.520000000000E+00  0.510000000000E+00
  0.510000000000E+00  0.500000000000E+00  0.500000000000E+00  0.490000000000E+00  0.490000000000E+00
  0.480000000000E+00  0.480000000000E+00  0.470000000000E+00  0.470000000000E+00  0.460000000000E+00
  0.460000000000E+00  0.450000000000E+00  0.450000000000E+00  0.440000000000E+00  0.440000000000E+00
  0.430000000000E+00  0.430000000000E+00  0.420000000000E+00  0.420000000000E+00  0.410000000000E+00
  0.410000000000E+00  0.400000000000E+00  0.400000000000E+00  0.390000000000E+00  0.390000000000E+00
  0.380000000000E+00  0.380000000000E+00  0.370000000000E+00  0.370000000000E+00  0.360000000000E+00
  0.360000000000E+00  0.350000000000E+00  0.350000000000E+00  0.340000000000E+00  0.340000000000E+00
  0.330000000000E+00  0.330000000000E+00  0.320000000000E+00  0.320000000000E+00  0.310000000000E+00
  0.310000000000E+00  0.300000000000E+00  0.300000000000E+00  0.290000000000E+00  0.290000000000E+00
  0.280000000000E+00  0.280000000000E+00  0.270000000000E+00  0.270000000000E+00  0.260000000000E+00
  0.260000000000E+00  0.250000000000E+00  0.250000000000E+00  0.240000000000E+00  0.240000000000E+00
  0.230000000000E+00  0.230000000000E+00  0.220000000000E+00  0.220000000000E+00  0.210000000000E+00
  0.210000000000E+00  0.200000000000E+00  0.200000000000E+00  0.190000000000E+00  0.190000000000E+00
  0.180000000000E+00  0.180000000000E+00  0.170000000000E+00  0.170000000000E+00  0.160000000000E+00
  0.160000000000E+00  0.150000000000E+00  0.150000000000E+00  0.140000000000E+00  0.140000000000E+00
  0.130000000000E+00  0.130000000000E+00  0.120000000000E+00  0.120000000000E+00  0.110000000000E+00
  0.110000000000E+00  0.100000000000E+00  0.100000000000E+00  0.900000000000E-01  0.900000000000E-01
  0.800000000000E-01  0.800000000000E-01  0.700000000000E-01  0.700000000000E-01  0.600000000000E-01
  0.600000000000E-01  0.500000000000E-01  0.500000000000E-01  0.400000000000E-01  0.400000000000E-01
  0.300000000000E-01  0.300000000000E-01  0.200000000000E-01  0.200000000000E-01  0.100000000000E-01
  0.100000000000E-01  0.000000000000E+00  0.000000000000E+00
# layer
       1       1       1       1       1
       1       1       1       1       1
       1       1       1       1       1
       1       1       1       1       1
       1       1       1       1       1
       1       1       1       1       1
       1       1       1       1       1
       1       1       1       1       1
       1       1       1       1       1
       1       1       1       1       1
       1       1       1       1       1
       1       1       1       1       1
       1       1       1       1       1
       1       1       1       1       1
       1       1       1       1       1
       1       1       1       1       1
       1       1       1       1       1
       1       1       1       1       1
       1       1       1       1       1
       1       1       1       1       1
       1
       1       4       3       2     205     208     207     206
       2       3       6       5     206     207     210     209
       5       6       8       7     209     210     212     211
       7       8      10       9     211     212     214     213
       9      10      12      11     213     214     216     215
      11      12      14      13     215     216     218     217
      13      14      16      15     217     218     220     219
      15      16      18      17     219     220     222     221
      17      18      20      19     221     222     224     223
      19      20      22      21     223     224     226     225
      21      22      24      23     225     226     228     227
      23      24      26      25     227     228     230     229
      25      26      28      27     229     230     232     231
      27      28      30      29     231     232     234     233
      29      30      32      31     233     234     236     235
      31      32      34      33     235     236     238     237
      33      34      36      35     237     238     240     239
      35      36      38      37     239     240     242     241
      37      38      40      39     241     242     244     243
      39      40      42      41     243     244     246     245
      41      42      44      43     245     246     248     247
      43      44      46      45     247     248     250     249
      45      46      48      47     249     250     252     251
      47      48      50      49     251     252     254     253
      49      50      52      51     253     254     256     255
      51      52      54      53     255     256     258     257
      53      54      56      55     257     258     260     259
      55      56      58      57     259     260     262     261
      57      58      60      59     261     262     264     263
      59      60      62      61     263     264     266     265
      61      62      64      63     265     266     268     267
      63      64      66      65     267     268     270     269
      65      66      68      67     269     270     272     271
      67      68      70      69     271     272     274     273
      69      70      72      71     273     274     276     275
      71      72      74      73     275     276     278     277
      73      74      76      75     277     278     280     279
      75      76      78      77     279     280     282     281
      77      78      80      79     281     282     284     283
      79      80      82      81     283     284     286     285
      81      82      84      83     285     286     288     287
      83      84      86      85     287     288     290     289
      85      86      88      87     289     290     292     291
      87      88      90      89     291     292     294     293
      89      90      92      91     293     294     296     295
      91      92      94      93     295     296     298     297
      93      94      96      95     297     298     300     299
      95      96      98      97     299     300     302     301
      97      98     100      99     301     302     304     303
      99     100     102     101     303     304     306     305
     101     102     104     103     305     306     308     307
     103     104     106     105     307     308     310     309
     105     106     108     107     309     310     312     311
     107     108     110     109     311     312     314     313
     109     110     112     111     313     314     316     315
     111     112     114     113     315     316     318     317
     113     114     116     115     317     318     320     319
     115     116     118     117     319     320     322     321
     117     118     120     119     321     322     324     323
     119     120     122     121     323     324     326     325
     121     122     124     123     325     326     328     327
     123     124     126     125     327     328     330     329
     125     126     128     127     329     330     332     331
     127     128     130     129     331     332     334     333
     129     130     132     131     333     334     336     335
     131     132     134     133     335     336     338     337
     133     134     136     135     337     338     340     339
     135     136     138     137     339     340     342     341
     137     138     140     139     341     342     344     343
     139     140     142     141     343     344     346     345
     141     142     144     143     345     346     348     347
     143     144     146     145     347     348     350     349
     145     146     148     147     349     350     352     351
     147     148     150     149     351     352     354     353
     149     150     152     151     353     354     356     355
     151     152     154     153     355     356     358     357
     153     154     156     155     357     358     360     359
     155     156     158     157     359     360     362     361
     157     158     160     159     361     362     364     363
     159     160     162     161     363     364     366     365
     161     162     164     163     365     366     368     367
     163     164     166     165     367     368     370     369
     165     166     168     167     369     370     372     371
     167     168     170     169     371     372     374     373
     169     170     172     171     373     374     376     375
     171     172     174     173     375     376     378     377
     173     174     176     175     377     378     380     379
     175     176     178     177     379     380     382     381
     177     178     180     179     381     382     384     383
     179     180     182     181     383     384     386     385
     181     182     184     183     385     386     388     387
     183     184     186     185     387     388     390     389
     185     186     188     187     389     390     392     391
     187     188     190     189     391     392     394     393
     189     190     192     191     393     394     396     395
     191     192     194     193     395     396     398     397
     193     194     196     195     397     398     400     399
     195     196     198     197     399     400     402     401
     197     198     200     199     401     402     404     403
     199     200     202     201     403     404     406     405
     201     202     204     203     405     406     408     407
