INTERNAL  1.000000e+00  (FREE)  -1  Top elevation Layer 1
 3.683414e+00 3.683414e+00 3.716156e+00 3.716156e+00 3.717495e+00 3.717495e+00 3.687169e+00 3.687169e+00 3.676896e+00 3.676896e+00
 3.688852e+00 3.688852e+00 3.734276e+00 3.734276e+00 3.716852e+00 3.716852e+00 3.676800e+00 3.781651e+00 3.781651e+00 3.840498e+00
 3.840498e+00 3.746160e+00 3.746160e+00 3.668314e+00 3.710834e+00 3.734841e+00 3.732081e+00 3.732081e+00 3.748545e+00 3.747755e+00
 3.747755e+00 3.729522e+00 3.715518e+00 3.715518e+00 3.715415e+00 3.726104e+00 3.726104e+00 3.733833e+00 3.742377e+00 3.742377e+00
 3.736043e+00 3.712413e+00 3.712413e+00 3.684811e+00 3.695280e+00 3.675040e+00 3.730160e+00 3.723684e+00 3.757123e+00 3.708981e+00
 3.726467e+00 3.669472e+00 3.669472e+00 3.844612e+00 3.844612e+00 3.769737e+00 3.769737e+00 3.742115e+00 3.782034e+00 3.782034e+00
 3.831413e+00 3.838421e+00 3.831597e+00 3.791852e+00 3.743034e+00 3.727787e+00 3.727787e+00 3.734841e+00 3.732081e+00 3.730594e+00
 3.692975e+00 3.684541e+00 3.684541e+00 3.723663e+00 3.694021e+00 3.694021e+00 3.695329e+00 3.696008e+00 3.696008e+00 3.687646e+00
 3.674038e+00 3.674038e+00 3.699537e+00 3.672846e+00 3.672846e+00 3.629243e+00 3.695280e+00 3.730160e+00 3.730160e+00 3.747514e+00
 3.757123e+00 3.750729e+00 3.726467e+00 3.710247e+00 3.710247e+00 3.677633e+00 3.727248e+00 3.739962e+00 3.739962e+00 3.852926e+00
 3.852926e+00 3.756738e+00 3.871596e+00 3.871596e+00 3.831821e+00 3.831821e+00 3.872153e+00 3.872714e+00 3.872714e+00 3.844870e+00
 3.807824e+00 3.781786e+00 3.781786e+00 3.759659e+00 3.771665e+00 3.771665e+00 3.838421e+00 3.795862e+00 3.795862e+00 3.756278e+00
 3.727787e+00 3.603184e+00 3.724178e+00 3.730594e+00 3.616223e+00 3.692975e+00 3.684541e+00 3.545511e+00 3.594210e+00 3.594210e+00
 3.576895e+00 3.541669e+00 3.574451e+00 3.574451e+00 3.530154e+00 3.530154e+00 3.522402e+00 3.522627e+00 3.672846e+00 3.523178e+00
 3.629243e+00 3.646723e+00 3.714865e+00 3.625447e+00 3.654094e+00 3.654094e+00 3.694161e+00 3.722145e+00 3.722145e+00 3.705995e+00
 3.726063e+00 3.759218e+00 3.759218e+00 3.803255e+00 3.819919e+00 3.819919e+00 3.757864e+00 3.703351e+00 3.645418e+00 3.654342e+00
 3.602895e+00 3.925580e+00 3.890705e+00 3.890705e+00 3.921888e+00 3.893017e+00 3.893017e+00 3.882226e+00 3.872153e+00 3.839896e+00
 3.818821e+00 3.818821e+00 3.743937e+00 3.743937e+00 3.693437e+00 3.759659e+00 3.771665e+00 3.771665e+00 3.728505e+00 3.697948e+00
 3.697948e+00 3.647891e+00 3.425773e+00 3.603184e+00 3.637038e+00 3.429837e+00 3.616223e+00 3.367618e+00 3.336184e+00 3.545511e+00
 3.382837e+00 3.413414e+00 3.400796e+00 3.368413e+00 3.368413e+00 3.374933e+00 3.373495e+00 3.359319e+00 3.344479e+00 3.339322e+00
 3.355243e+00 3.353756e+00 3.464468e+00 3.330635e+00 3.345971e+00 3.625447e+00 3.654094e+00 3.462649e+00 3.694161e+00 3.722145e+00
 3.658623e+00 3.628758e+00 3.678258e+00 3.678258e+00 3.732749e+00 3.732073e+00 3.732073e+00 3.725296e+00 3.757864e+00 3.703351e+00
 3.654342e+00 3.654342e+00 3.602895e+00 3.663876e+00 3.649550e+00 3.729792e+00 3.729792e+00 3.985853e+00 4.015353e+00 4.015353e+00
 3.972861e+00 3.921888e+00 3.913417e+00 3.913417e+00 3.885789e+00 3.854814e+00 3.854814e+00 3.839896e+00 3.818821e+00 3.818821e+00
 3.743937e+00 3.566650e+00 3.693437e+00 3.681505e+00 3.509351e+00 3.622825e+00 3.558477e+00 3.529929e+00 3.512292e+00 3.512292e+00
 3.425773e+00 3.392717e+00 3.392717e+00 3.429837e+00 3.249781e+00 3.248572e+00 3.429837e+00 3.429837e+00 3.250127e+00 3.242930e+00
 3.435870e+00 3.435870e+00 3.242930e+00 3.254973e+00 3.238526e+00 3.367618e+00 3.238526e+00 3.197903e+00 3.197903e+00 3.171102e+00
 3.197903e+00 3.171102e+00 3.178084e+00 3.197409e+00 3.178084e+00 3.197409e+00 3.220722e+00 3.235150e+00 3.132972e+00 3.146217e+00
 3.245708e+00 3.256418e+00 3.153626e+00 3.153626e+00 3.256418e+00 3.243745e+00 3.163177e+00 3.162976e+00 3.221502e+00 3.221502e+00
 3.162976e+00 3.137711e+00 3.207444e+00 3.209912e+00 3.113077e+00 3.118343e+00 3.209912e+00 3.216311e+00 3.118343e+00 3.125837e+00
 3.210768e+00 3.210768e+00 3.117381e+00 3.117381e+00 3.201231e+00 3.189491e+00 3.109967e+00 3.111110e+00 3.189491e+00 3.168154e+00
 3.111110e+00 3.102010e+00 3.161622e+00 3.161622e+00 3.087957e+00 3.087957e+00 3.179541e+00 3.197139e+00 3.099093e+00 3.197139e+00
 3.197139e+00 3.201148e+00 3.122018e+00 3.131985e+00 3.200469e+00 3.200469e+00 3.200469e+00 3.183941e+00 3.330635e+00 3.175350e+00
 3.183941e+00 3.175350e+00 3.345971e+00 3.345971e+00 3.167420e+00 3.167420e+00 3.393786e+00 3.327700e+00 3.462649e+00 3.570271e+00
 3.299552e+00 3.398655e+00 3.454125e+00 3.454125e+00 3.509572e+00 3.561794e+00 3.732073e+00 3.725296e+00 3.725296e+00 3.708536e+00
 3.677321e+00 3.677321e+00 3.647135e+00 3.663876e+00 3.663876e+00 3.721450e+00 3.721450e+00 3.748627e+00 3.696161e+00 3.696161e+00
 4.025501e+00 4.021232e+00 4.033586e+00 4.033586e+00 4.015353e+00 3.972861e+00 3.913060e+00 3.913060e+00 3.853829e+00 3.806472e+00
 3.806472e+00 3.752630e+00 3.705483e+00 3.705483e+00 3.650139e+00 3.566650e+00 3.566650e+00 3.478266e+00 3.307033e+00 3.509351e+00
 3.410542e+00 3.410542e+00 3.275014e+00 3.256320e+00 3.410542e+00 3.335616e+00 3.214867e+00 3.214867e+00 3.335616e+00 3.335616e+00
 3.184155e+00 3.196602e+00 3.306779e+00 3.292156e+00 3.196602e+00 3.184770e+00 3.292156e+00 3.311187e+00 3.182954e+00 3.182954e+00
 3.182238e+00 3.273889e+00 3.182238e+00 3.161629e+00 3.234601e+00 3.146661e+00 3.161629e+00 3.146661e+00 3.135417e+00 3.136275e+00
 3.135417e+00 3.046449e+00 3.250127e+00 3.250127e+00 3.132726e+00 3.242930e+00 3.136275e+00 3.132726e+00 3.132726e+00 3.142359e+00
 3.136275e+00 3.132726e+00 3.132726e+00 3.049976e+00 3.040105e+00 3.040105e+00 3.049976e+00 3.049976e+00 3.142359e+00 3.142359e+00
 3.143849e+00 3.143849e+00 3.142359e+00 3.142359e+00 3.143849e+00 3.143849e+00 3.142359e+00 3.048837e+00 3.048837e+00 3.044908e+00
 3.048837e+00 3.048837e+00 3.048837e+00 3.044908e+00 3.143849e+00 3.132091e+00 3.132091e+00 3.132091e+00 3.143849e+00 3.048908e+00
 3.132091e+00 3.132091e+00 3.044908e+00 3.048908e+00 3.048908e+00 3.037914e+00 3.044908e+00 3.048908e+00 3.048908e+00 2.980000e+00
 3.107776e+00 3.107776e+00 3.095487e+00 3.095487e+00 3.037914e+00 3.107776e+00 3.027921e+00 3.027921e+00 3.037914e+00 3.037914e+00
 3.027921e+00 3.027921e+00 2.980000e+00 2.980000e+00 2.980000e+00 2.980000e+00 3.088673e+00 3.088673e+00 3.030167e+00 3.107612e+00
 3.024164e+00 3.024164e+00 3.030167e+00 3.030167e+00 3.024164e+00 2.980000e+00 3.030167e+00 2.980000e+00 2.980000e+00 2.980000e+00
 2.980000e+00 2.980000e+00 3.047392e+00 3.132972e+00 3.066113e+00 3.146217e+00 3.047392e+00 3.047392e+00 3.066113e+00 3.066113e+00
 2.980000e+00 2.980000e+00 2.980000e+00 2.980000e+00 2.980000e+00 2.980000e+00 2.980000e+00 2.980000e+00 3.067589e+00 3.153626e+00
 3.067633e+00 3.067633e+00 3.067589e+00 3.067589e+00 3.067633e+00 3.067633e+00 2.980000e+00 2.980000e+00 2.980000e+00 2.980000e+00
 2.980000e+00 2.980000e+00 2.980000e+00 2.980000e+00 3.163177e+00 3.075513e+00 3.075513e+00 3.070897e+00 3.075513e+00 3.075513e+00
 3.075513e+00 3.070897e+00 2.980000e+00 2.980000e+00 2.980000e+00 2.980000e+00 2.980000e+00 2.980000e+00 2.980000e+00 2.980000e+00
 3.070897e+00 3.066931e+00 3.066931e+00 3.042649e+00 3.070897e+00 3.066931e+00 3.066931e+00 3.042649e+00 2.980000e+00 2.980000e+00
 2.980000e+00 2.980000e+00 2.980000e+00 2.980000e+00 2.980000e+00 2.980000e+00 3.042649e+00 3.113077e+00 3.035082e+00 3.035082e+00
 3.042649e+00 3.042649e+00 3.035082e+00 3.035082e+00 2.980000e+00 2.980000e+00 2.980000e+00 2.980000e+00 2.980000e+00 2.980000e+00
 2.980000e+00 2.980000e+00 3.118343e+00 3.040013e+00 3.040013e+00 3.043941e+00 3.040013e+00 3.040013e+00 3.040013e+00 3.043941e+00
 2.980000e+00 2.980000e+00 2.980000e+00 2.980000e+00 2.980000e+00 2.980000e+00 2.980000e+00 2.980000e+00 3.043941e+00 3.040176e+00
 3.040176e+00 3.033286e+00 3.043941e+00 3.040176e+00 3.040176e+00 3.033286e+00 2.980000e+00 2.980000e+00 2.980000e+00 2.980000e+00
 2.980000e+00 2.980000e+00 2.980000e+00 2.980000e+00 3.033286e+00 3.109967e+00 3.035531e+00 3.035531e+00 3.033286e+00 3.033286e+00
 3.035531e+00 3.035531e+00 2.980000e+00 2.980000e+00 2.980000e+00 2.980000e+00 2.980000e+00 2.980000e+00 2.980000e+00 2.980000e+00
 3.111110e+00 3.036290e+00 3.036290e+00 3.033549e+00 3.036290e+00 3.036290e+00 3.036290e+00 3.033549e+00 2.980000e+00 2.980000e+00
 2.980000e+00 2.980000e+00 2.980000e+00 2.980000e+00 2.980000e+00 2.980000e+00 3.033549e+00 3.032009e+00 3.087957e+00 3.031797e+00
 3.033549e+00 3.032009e+00 3.032009e+00 3.031797e+00 2.980000e+00 2.980000e+00 2.980000e+00 2.980000e+00 2.980000e+00 2.980000e+00
 2.980000e+00 2.980000e+00 3.031797e+00 3.099093e+00 3.038485e+00 3.122018e+00 3.031797e+00 3.038485e+00 3.038485e+00 3.038485e+00
 2.980000e+00 2.980000e+00 3.038485e+00 2.980000e+00 2.980000e+00 2.980000e+00 2.980000e+00 2.980000e+00 3.122018e+00 3.058904e+00
 3.131985e+00 3.131985e+00 3.058904e+00 3.058904e+00 3.056152e+00 3.056152e+00 2.980000e+00 3.058904e+00 3.056152e+00 3.056152e+00
 2.980000e+00 2.980000e+00 2.980000e+00 2.980000e+00 3.131985e+00 3.121305e+00 3.121305e+00 3.121305e+00 3.049321e+00 3.049321e+00
 3.121305e+00 3.042084e+00 3.049321e+00 3.049321e+00 3.049321e+00 3.042084e+00 2.980000e+00 2.980000e+00 2.980000e+00 2.980000e+00
 3.107131e+00 3.107131e+00 3.091286e+00 3.091286e+00 3.107131e+00 3.107131e+00 3.091286e+00 3.091286e+00 3.042084e+00 3.043319e+00
 3.043319e+00 3.091286e+00 3.042084e+00 3.043319e+00 3.043319e+00 3.039897e+00 3.091286e+00 3.085826e+00 3.039897e+00 3.039303e+00
 3.187473e+00 3.210120e+00 3.091492e+00 3.104865e+00 3.215264e+00 3.184224e+00 3.111350e+00 3.116536e+00 3.184224e+00 3.161626e+00
 3.184224e+00 3.161626e+00 3.303469e+00 3.299552e+00 3.156301e+00 3.156301e+00 3.299552e+00 3.246853e+00 3.133718e+00 3.246853e+00
 3.398655e+00 3.454125e+00 3.254492e+00 3.509572e+00 3.561794e+00 3.566915e+00 3.566915e+00 3.581140e+00 3.613067e+00 3.613067e+00
 3.617498e+00 3.644643e+00 3.644643e+00 3.693651e+00 3.721450e+00 3.721450e+00 3.748627e+00 3.748627e+00 3.702920e+00 3.692793e+00
 3.656275e+00 4.081259e+00 4.045078e+00 3.961310e+00 3.961310e+00 3.936891e+00 3.965872e+00 3.965872e+00 3.913523e+00 3.779812e+00
 3.779812e+00 3.683767e+00 3.683767e+00 3.641114e+00 3.568228e+00 3.469321e+00 3.437200e+00 3.413466e+00 3.382388e+00 3.382388e+00
 3.290215e+00 3.290215e+00 3.352037e+00 3.352037e+00 3.241689e+00 3.230865e+00 3.329125e+00 3.312857e+00 3.224554e+00 3.148372e+00
 3.312857e+00 3.307033e+00 3.149431e+00 3.169503e+00 3.301735e+00 3.275014e+00 3.190180e+00 3.190180e+00 3.275014e+00 3.171169e+00
 3.183252e+00 3.089254e+00 3.256320e+00 3.214867e+00 3.214867e+00 3.214867e+00 3.171169e+00 3.144242e+00 3.144242e+00 3.144242e+00
 3.171169e+00 3.144242e+00 3.144242e+00 3.144242e+00 3.085215e+00 3.078634e+00 3.078634e+00 3.054984e+00 3.119934e+00 3.184155e+00
 3.118488e+00 3.118488e+00 3.119934e+00 3.119934e+00 3.118488e+00 3.118488e+00 3.054984e+00 3.119934e+00 3.047131e+00 3.047131e+00
 3.054984e+00 3.054984e+00 3.047131e+00 3.047131e+00 3.118488e+00 3.124600e+00 3.124600e+00 3.123908e+00 3.118488e+00 3.124600e+00
 3.124600e+00 3.054605e+00 3.048720e+00 3.048720e+00 3.054605e+00 3.054605e+00 3.048720e+00 3.048720e+00 2.980000e+00 2.980000e+00
 3.123908e+00 3.123908e+00 3.121006e+00 3.121006e+00 3.123908e+00 3.046138e+00 3.046138e+00 3.044314e+00 3.046138e+00 3.046138e+00
 3.046138e+00 3.044314e+00 2.980000e+00 2.980000e+00 2.980000e+00 2.980000e+00 3.110365e+00 3.110365e+00 3.110365e+00 3.061462e+00
 3.044314e+00 3.047423e+00 3.047423e+00 3.061462e+00 3.044314e+00 3.047423e+00 2.980000e+00 2.980000e+00 2.980000e+00 2.980000e+00
 2.980000e+00 2.980000e+00 3.061462e+00 3.049159e+00 3.049159e+00 3.047462e+00 3.061462e+00 3.049159e+00 3.049159e+00 2.980000e+00
 2.980000e+00 2.980000e+00 2.980000e+00 2.980000e+00 2.980000e+00 2.980000e+00 2.980000e+00 3.001065e+00 3.047462e+00 3.047462e+00
 3.046449e+00 3.046449e+00 2.980000e+00 2.980000e+00 2.980000e+00 2.980000e+00 2.980000e+00 2.980000e+00 2.980000e+00 2.980000e+00
 2.980000e+00 3.000639e+00 3.000639e+00 3.000586e+00 3.040105e+00 3.040105e+00 3.049976e+00 3.049976e+00 2.980000e+00 2.980000e+00
 2.980000e+00 2.980000e+00 2.980000e+00 2.980000e+00 2.980000e+00 2.983644e+00 3.000586e+00 2.988102e+00 2.988102e+00 2.983644e+00
 2.980000e+00 2.980000e+00 2.980000e+00 2.980000e+00 2.980000e+00 2.980000e+00 2.980000e+00 2.980000e+00 2.983644e+00 2.985157e+00
 2.985342e+00 2.985342e+00 2.983644e+00 2.985157e+00 2.996641e+00 2.985342e+00 2.980000e+00 2.980000e+00 2.980000e+00 2.980000e+00
 2.980000e+00 2.992094e+00 2.980000e+00 2.989859e+00 2.985342e+00 2.992094e+00 2.992094e+00 2.989859e+00 3.002136e+00 3.002136e+00
 2.992094e+00 3.003935e+00 2.980000e+00 2.980000e+00 2.980000e+00 2.980000e+00 2.989859e+00 2.989521e+00 2.989521e+00 2.993098e+00
 2.989859e+00 2.989521e+00 2.989521e+00 2.993098e+00 3.003935e+00 3.003435e+00 3.003435e+00 3.003435e+00 2.980000e+00 2.980000e+00
 2.987349e+00 2.987349e+00 2.993098e+00 2.993098e+00 2.987349e+00 2.987349e+00 2.993098e+00 2.993098e+00 2.987349e+00 3.004754e+00
 3.005218e+00 3.005218e+00 3.005218e+00 3.004754e+00 2.987081e+00 2.987081e+00 2.991870e+00 2.991870e+00 2.987081e+00 2.987081e+00
 2.987081e+00 2.991870e+00 3.004754e+00 2.987081e+00 3.007143e+00 3.007143e+00 3.004754e+00 3.004754e+00 3.007143e+00 3.007143e+00
 2.988640e+00 2.988640e+00 2.988640e+00 2.996557e+00 2.988640e+00 2.988640e+00 2.988640e+00 2.996557e+00 3.007143e+00 3.013388e+00
 3.013388e+00 3.013388e+00 3.007143e+00 3.013388e+00 3.013388e+00 3.013388e+00 2.996557e+00 3.009482e+00 3.009482e+00 3.009482e+00
 2.996557e+00 3.009482e+00 3.009482e+00 3.009482e+00 3.028853e+00 3.028853e+00 3.040035e+00 3.040035e+00 3.028853e+00 3.028853e+00
 3.040035e+00 3.040035e+00 3.007299e+00 3.007299e+00 3.006116e+00 3.006116e+00 3.007299e+00 3.007299e+00 3.006116e+00 3.006116e+00
 3.041948e+00 3.041948e+00 3.041948e+00 3.033059e+00 3.041948e+00 3.041948e+00 3.041948e+00 3.033059e+00 3.002654e+00 3.002654e+00
 2.998785e+00 2.998785e+00 3.002654e+00 3.002654e+00 2.998785e+00 2.998785e+00 3.033059e+00 3.028154e+00 3.028154e+00 3.024279e+00
 3.033059e+00 3.028154e+00 3.028154e+00 3.024279e+00 3.000607e+00 3.000607e+00 2.999565e+00 2.999565e+00 3.000607e+00 3.000607e+00
 2.999565e+00 2.999565e+00 3.024279e+00 3.024279e+00 3.020314e+00 3.020314e+00 3.024279e+00 3.024279e+00 3.020314e+00 3.020314e+00
 2.999565e+00 2.995246e+00 2.995246e+00 2.999985e+00 2.999565e+00 2.995246e+00 2.995246e+00 2.999985e+00 3.017977e+00 3.017977e+00
 3.017977e+00 3.026362e+00 3.017977e+00 3.017977e+00 3.017977e+00 3.026362e+00 2.999985e+00 3.006542e+00 3.006542e+00 3.007778e+00
 2.999985e+00 3.006542e+00 3.006542e+00 3.007778e+00 3.026362e+00 3.036934e+00 3.036934e+00 3.036934e+00 3.026362e+00 3.036934e+00
 3.036934e+00 3.036934e+00 3.007778e+00 3.011526e+00 3.011526e+00 3.000908e+00 3.007778e+00 3.011526e+00 3.011526e+00 3.000908e+00
 3.038875e+00 3.038875e+00 3.030476e+00 3.030476e+00 3.038875e+00 3.038875e+00 3.030476e+00 3.030476e+00 3.000908e+00 3.000908e+00
 2.996980e+00 2.996980e+00 3.000908e+00 3.000908e+00 2.996980e+00 2.996980e+00 3.024177e+00 3.024177e+00 3.024177e+00 3.020798e+00
 3.024177e+00 3.024177e+00 3.024177e+00 3.020798e+00 2.997512e+00 2.997512e+00 2.998558e+00 2.998558e+00 2.997512e+00 2.997512e+00
 2.998558e+00 2.998558e+00 3.020798e+00 3.025439e+00 3.025439e+00 3.025439e+00 3.020798e+00 3.025439e+00 3.025439e+00 3.025439e+00
 3.003531e+00 2.980000e+00 2.980000e+00 2.980000e+00 3.003531e+00 3.003531e+00 3.004284e+00 3.004284e+00 3.003531e+00 3.003531e+00
 3.004284e+00 3.004284e+00 3.031545e+00 3.031545e+00 3.031545e+00 3.038410e+00 2.980000e+00 2.980000e+00 2.980000e+00 2.980000e+00
 3.004284e+00 3.010013e+00 3.010013e+00 3.011303e+00 3.004284e+00 3.010013e+00 3.010013e+00 3.011303e+00 3.038410e+00 3.049361e+00
 3.049361e+00 3.011303e+00 2.980000e+00 2.980000e+00 2.980000e+00 2.980000e+00 3.011303e+00 2.980000e+00 2.980000e+00 2.980000e+00
 3.011303e+00 3.009533e+00 3.009533e+00 3.001637e+00 3.050965e+00 3.009533e+00 3.009533e+00 3.001637e+00 3.039897e+00 2.980000e+00
 3.039303e+00 3.039303e+00 2.980000e+00 2.980000e+00 2.980000e+00 2.980000e+00 3.001637e+00 3.000113e+00 3.000113e+00 2.980000e+00
 3.001637e+00 3.000113e+00 3.000113e+00 2.997162e+00 3.039277e+00 3.039277e+00 3.045138e+00 3.045138e+00 2.980000e+00 2.980000e+00
 3.045138e+00 3.045138e+00 2.980000e+00 2.980000e+00 2.980000e+00 2.980000e+00 2.997162e+00 2.997162e+00 2.999400e+00 2.980000e+00
 3.053073e+00 3.116536e+00 3.116536e+00 3.103587e+00 3.053073e+00 3.053073e+00 3.054988e+00 3.054988e+00 2.980000e+00 2.980000e+00
 3.054988e+00 3.054988e+00 2.980000e+00 2.980000e+00 2.980000e+00 2.980000e+00 3.103587e+00 3.103587e+00 3.075631e+00 3.075631e+00
 3.103587e+00 3.103587e+00 3.075631e+00 3.075631e+00 3.047202e+00 3.047202e+00 3.025130e+00 3.025130e+00 2.980000e+00 2.980000e+00
 3.025130e+00 3.025130e+00 3.075631e+00 3.156301e+00 3.156301e+00 3.133718e+00 3.075631e+00 3.050656e+00 3.050656e+00 3.050656e+00
 3.014428e+00 3.050656e+00 3.050656e+00 3.050656e+00 3.014428e+00 3.014428e+00 3.050656e+00 3.011907e+00 3.133718e+00 3.133742e+00
 3.052823e+00 3.058712e+00 3.133742e+00 3.149423e+00 3.058712e+00 3.149423e+00 3.167180e+00 3.254492e+00 3.167180e+00 3.149169e+00
 3.254492e+00 3.254492e+00 3.149169e+00 3.137407e+00 3.244916e+00 3.244916e+00 3.114635e+00 3.137483e+00 3.299289e+00 3.350543e+00
 3.350543e+00 3.404632e+00 3.467073e+00 3.467073e+00 3.534408e+00 3.534408e+00 3.609992e+00 3.691305e+00 3.691305e+00 3.724741e+00
 3.724741e+00 3.724963e+00 3.724963e+00 3.692793e+00 3.682408e+00 3.655642e+00 3.655642e+00 3.694334e+00 4.189959e+00 4.153804e+00
 4.045078e+00 3.940365e+00 3.819777e+00 3.765373e+00 3.765373e+00 3.740259e+00 3.736453e+00 3.736453e+00 3.589285e+00 3.502798e+00
 3.462426e+00 3.462426e+00 3.462426e+00 3.328231e+00 3.466864e+00 3.461630e+00 3.328231e+00 3.337578e+00 3.461630e+00 3.403856e+00
 3.337578e+00 3.332757e+00 3.403856e+00 3.308085e+00 3.194187e+00 3.153158e+00 3.265614e+00 3.265614e+00 3.153158e+00 3.136887e+00
 3.287060e+00 3.297117e+00 3.165973e+00 3.061526e+00 3.185644e+00 3.170240e+00 3.068384e+00 3.065543e+00 3.241689e+00 3.160120e+00
 3.160120e+00 3.150348e+00 3.170240e+00 3.160120e+00 3.160120e+00 3.150348e+00 3.076177e+00 3.066391e+00 3.066391e+00 3.067322e+00
 3.076177e+00 3.066391e+00 3.066391e+00 3.066391e+00 3.150348e+00 3.148372e+00 3.148372e+00 3.148372e+00 3.150348e+00 3.067171e+00
 3.067171e+00 3.068566e+00 3.067322e+00 3.067171e+00 3.067171e+00 3.067171e+00 3.067322e+00 2.980000e+00 2.980000e+00 2.980000e+00
 3.149431e+00 3.149431e+00 3.076488e+00 3.076488e+00 3.068566e+00 3.068566e+00 3.076488e+00 3.076488e+00 3.068566e+00 3.068566e+00
 2.980000e+00 2.980000e+00 2.980000e+00 2.980000e+00 2.980000e+00 2.980000e+00 3.096846e+00 3.096846e+00 3.098812e+00 3.098812e+00
 3.096846e+00 3.096846e+00 2.980000e+00 3.098812e+00 2.980000e+00 2.980000e+00 2.980000e+00 2.980000e+00 2.980000e+00 2.980000e+00
 2.980000e+00 2.986975e+00 3.098812e+00 3.089254e+00 3.089254e+00 3.085215e+00 2.980000e+00 2.980000e+00 2.980000e+00 2.980000e+00
 2.980000e+00 2.980000e+00 2.980000e+00 2.980000e+00 2.986975e+00 2.990279e+00 2.990279e+00 2.995285e+00 3.085215e+00 3.078634e+00
 3.078634e+00 2.980000e+00 2.980000e+00 2.980000e+00 2.980000e+00 2.980000e+00 2.980000e+00 2.980000e+00 2.980000e+00 2.997210e+00
 2.995285e+00 2.998882e+00 2.998882e+00 2.997210e+00 2.980000e+00 2.980000e+00 2.980000e+00 2.980000e+00 2.980000e+00 2.980000e+00
 2.980000e+00 2.980000e+00 2.997210e+00 2.997210e+00 2.997652e+00 2.997652e+00 2.997210e+00 2.997210e+00 2.997652e+00 2.997652e+00
 2.980000e+00 2.980000e+00 2.980000e+00 2.980000e+00 2.980000e+00 2.994835e+00 2.991363e+00 2.991363e+00 2.994835e+00 2.994835e+00
 2.991363e+00 2.991363e+00 2.994835e+00 2.994835e+00 2.991363e+00 2.991363e+00 2.980000e+00 2.980000e+00 2.980000e+00 2.980000e+00
 2.980000e+00 2.991719e+00 2.991719e+00 2.993151e+00 2.991363e+00 2.991719e+00 2.991719e+00 2.993151e+00 3.003744e+00 3.003744e+00
 3.009382e+00 3.009382e+00 2.980000e+00 2.997260e+00 2.980000e+00 2.997341e+00 2.993151e+00 2.997260e+00 2.997260e+00 2.997341e+00
 2.993151e+00 2.997260e+00 3.018598e+00 3.018598e+00 3.009382e+00 3.015038e+00 3.018598e+00 3.018598e+00 2.997341e+00 2.995237e+00
 2.995237e+00 3.001065e+00 2.997341e+00 2.995237e+00 2.995237e+00 3.018243e+00 3.018250e+00 3.018250e+00 3.018243e+00 3.018243e+00
 3.018250e+00 3.018250e+00 3.018250e+00 3.018243e+00 3.001065e+00 3.000639e+00 3.000639e+00 3.000586e+00 3.022417e+00 3.022417e+00
 3.020796e+00 3.020796e+00 3.022417e+00 3.022417e+00 3.020796e+00 3.020796e+00 3.022417e+00 3.022417e+00 3.020796e+00 3.043080e+00
 3.000586e+00 2.988102e+00 2.988102e+00 2.996284e+00 3.007134e+00 3.007134e+00 2.996284e+00 2.996284e+00 3.020796e+00 3.007134e+00
 3.029654e+00 2.996284e+00 3.043080e+00 3.029654e+00 3.029654e+00 3.029654e+00 2.994426e+00 2.994426e+00 2.996641e+00 2.996641e+00
 2.994426e+00 2.994426e+00 2.996641e+00 3.023240e+00 3.022142e+00 3.022142e+00 3.023240e+00 3.023240e+00 3.022142e+00 3.022142e+00
 3.022142e+00 3.023240e+00 3.002136e+00 3.002136e+00 3.002136e+00 3.003935e+00 3.023240e+00 3.029936e+00 3.029936e+00 3.040109e+00
 3.023240e+00 3.029936e+00 3.029936e+00 3.040109e+00 3.023240e+00 3.029936e+00 3.029936e+00 3.095301e+00 3.003935e+00 3.003435e+00
 3.003435e+00 3.003435e+00 3.040109e+00 3.040109e+00 3.041066e+00 3.041066e+00 3.040109e+00 3.040109e+00 3.041066e+00 3.041066e+00
 3.040109e+00 3.040109e+00 3.108987e+00 3.108987e+00 3.005218e+00 3.005218e+00 3.036305e+00 3.004754e+00 3.041066e+00 3.036305e+00
 3.036305e+00 3.036305e+00 3.041066e+00 3.036305e+00 3.036305e+00 3.036305e+00 3.099814e+00 3.099814e+00 3.099814e+00 3.089602e+00
 3.004754e+00 3.031549e+00 3.007143e+00 3.038177e+00 3.031549e+00 3.031549e+00 3.031549e+00 3.038177e+00 3.031549e+00 3.031549e+00
 3.031549e+00 3.038177e+00 3.089602e+00 3.089602e+00 3.092232e+00 3.092232e+00 3.038177e+00 3.013388e+00 3.059618e+00 3.059618e+00
 3.038177e+00 3.038177e+00 3.059618e+00 3.059618e+00 3.038177e+00 3.038177e+00 3.059618e+00 3.059618e+00 3.092232e+00 3.127068e+00
 3.127068e+00 3.127068e+00 3.028853e+00 3.076005e+00 3.076005e+00 3.085633e+00 3.059618e+00 3.076005e+00 3.076005e+00 3.085633e+00
 3.059618e+00 3.076005e+00 3.076005e+00 3.085633e+00 3.127068e+00 3.153274e+00 3.153274e+00 3.153274e+00 3.085633e+00 3.041948e+00
 3.086052e+00 3.086052e+00 3.085633e+00 3.085633e+00 3.086052e+00 3.086052e+00 3.085633e+00 3.085633e+00 3.086052e+00 3.086052e+00
 3.153274e+00 3.085633e+00 3.086052e+00 3.158798e+00 3.086052e+00 3.078601e+00 3.078601e+00 3.065658e+00 3.086052e+00 3.078601e+00
 3.078601e+00 3.065658e+00 3.086052e+00 3.078601e+00 3.078601e+00 3.065658e+00 3.158798e+00 3.158798e+00 3.158798e+00 3.158798e+00
 3.065658e+00 3.065658e+00 3.059218e+00 3.059218e+00 3.065658e+00 3.065658e+00 3.059218e+00 3.059218e+00 3.065658e+00 3.065658e+00
 3.059218e+00 3.059218e+00 3.065658e+00 3.125353e+00 3.125353e+00 3.125353e+00 3.065863e+00 3.065863e+00 3.065863e+00 3.026362e+00
 3.065863e+00 3.065863e+00 3.065863e+00 3.079023e+00 3.065863e+00 3.065863e+00 3.065863e+00 3.079023e+00 3.144608e+00 3.144608e+00
 3.144608e+00 3.144608e+00 3.079023e+00 3.079023e+00 3.087852e+00 3.087852e+00 3.079023e+00 3.079023e+00 3.087852e+00 3.087852e+00
 3.079023e+00 3.079023e+00 3.087852e+00 3.087852e+00 3.166234e+00 3.166234e+00 3.166234e+00 3.176894e+00 3.087852e+00 3.038875e+00
 3.081271e+00 3.081271e+00 3.087852e+00 3.081271e+00 3.081271e+00 3.081271e+00 3.087852e+00 3.176894e+00 3.081271e+00 3.081271e+00
 3.176894e+00 3.176894e+00 3.169189e+00 3.169189e+00 3.069719e+00 3.058498e+00 3.169189e+00 3.147501e+00 3.058498e+00 3.064874e+00
 3.127467e+00 3.064874e+00 3.076799e+00 3.038410e+00 3.076799e+00 3.089294e+00 3.038410e+00 3.049361e+00 3.049361e+00 3.050965e+00
 3.089294e+00 3.089294e+00 3.101527e+00 3.101527e+00 3.089294e+00 3.089294e+00 3.101527e+00 3.101527e+00 3.089294e+00 3.181829e+00
 3.101527e+00 3.101527e+00 3.050965e+00 3.050965e+00 3.046171e+00 3.046171e+00 3.050965e+00 3.098371e+00 3.046171e+00 3.046171e+00
 3.098371e+00 3.098371e+00 3.098371e+00 3.088065e+00 3.098371e+00 3.098371e+00 3.098371e+00 3.088065e+00 3.038946e+00 3.038946e+00
 3.000113e+00 3.034513e+00 3.038946e+00 3.038946e+00 3.034513e+00 3.034513e+00 3.088065e+00 3.078283e+00 3.078283e+00 3.034513e+00
 3.088065e+00 3.078283e+00 3.078283e+00 3.076712e+00 2.997162e+00 2.999400e+00 2.999400e+00 2.999400e+00 3.034513e+00 3.038437e+00
 3.038437e+00 3.006815e+00 3.076712e+00 3.038437e+00 3.038437e+00 3.052247e+00 3.076712e+00 3.076712e+00 3.091752e+00 3.052247e+00
 3.006815e+00 3.006815e+00 2.980000e+00 2.980000e+00 3.006815e+00 3.006815e+00 3.010870e+00 3.010870e+00 3.052247e+00 3.052247e+00
 3.010870e+00 3.010870e+00 3.052247e+00 3.061070e+00 3.061070e+00 3.061070e+00 2.980000e+00 2.980000e+00 2.980000e+00 2.980000e+00
 3.016798e+00 3.016798e+00 2.980000e+00 2.980000e+00 3.016798e+00 3.016798e+00 3.015912e+00 3.015912e+00 3.016798e+00 3.060932e+00
 3.015912e+00 3.015912e+00 2.980000e+00 3.014428e+00 2.980000e+00 3.011907e+00 2.980000e+00 2.980000e+00 2.980000e+00 2.980000e+00
 3.015912e+00 3.017298e+00 2.980000e+00 2.980000e+00 3.015912e+00 3.017298e+00 3.017298e+00 3.014163e+00 3.011907e+00 3.013768e+00
 3.013768e+00 3.058712e+00 2.980000e+00 3.013768e+00 3.013768e+00 3.015577e+00 2.980000e+00 2.980000e+00 2.980000e+00 2.980000e+00
 3.014163e+00 3.009767e+00 2.980000e+00 2.980000e+00 3.058712e+00 3.063823e+00 3.063823e+00 3.063823e+00 3.015577e+00 3.015577e+00
 3.063823e+00 3.063823e+00 3.015577e+00 3.017979e+00 3.017979e+00 3.017979e+00 2.980000e+00 2.980000e+00 2.980000e+00 3.022469e+00
 3.070909e+00 3.070909e+00 3.070909e+00 3.149169e+00 3.070909e+00 3.070909e+00 3.070909e+00 3.060023e+00 3.022469e+00 3.070909e+00
 3.018172e+00 3.060023e+00 3.022469e+00 3.022469e+00 3.018172e+00 3.018172e+00 3.149169e+00 3.137407e+00 3.137407e+00 3.137407e+00
 3.060023e+00 3.060023e+00 3.050250e+00 3.137407e+00 3.060023e+00 3.050250e+00 3.050250e+00 3.050250e+00 3.016169e+00 3.016169e+00
 3.050250e+00 3.050250e+00 3.114635e+00 3.137483e+00 3.037463e+00 3.037997e+00 3.137483e+00 3.148669e+00 3.148669e+00 3.148669e+00
 3.192036e+00 3.192036e+00 3.121043e+00 3.192036e+00 3.198325e+00 3.198325e+00 3.198325e+00 3.198325e+00 3.246117e+00 3.246117e+00
 3.343282e+00 3.534408e+00 3.405345e+00 3.530799e+00 3.530799e+00 3.599579e+00 3.599579e+00 3.689256e+00 3.671228e+00 3.671228e+00
 3.705588e+00 3.705588e+00 3.696128e+00 3.696128e+00 4.381869e+00 4.153804e+00 4.095369e+00 3.725396e+00 3.819777e+00 3.649895e+00
 3.470869e+00 3.465341e+00 3.465341e+00 3.325203e+00 3.465341e+00 3.507912e+00 3.507912e+00 3.507912e+00 3.507912e+00 3.546496e+00
 3.474927e+00 3.345444e+00 3.333102e+00 3.395370e+00 3.395370e+00 3.291155e+00 3.291155e+00 3.307507e+00 3.278804e+00 3.206468e+00
 3.149301e+00 3.296149e+00 3.183566e+00 3.168901e+00 3.183566e+00 3.328231e+00 3.215195e+00 3.218530e+00 3.218530e+00 3.215195e+00
 3.215195e+00 3.218530e+00 3.218530e+00 3.077480e+00 3.085542e+00 3.085542e+00 3.077866e+00 3.077480e+00 3.085542e+00 3.085542e+00
 3.077866e+00 3.218530e+00 3.220528e+00 3.220528e+00 3.220528e+00 3.218530e+00 3.220528e+00 3.084180e+00 3.084180e+00 3.077866e+00
 3.077866e+00 3.084180e+00 3.084180e+00 3.077866e+00 2.980000e+00 2.980000e+00 2.980000e+00 3.194187e+00 3.194187e+00 3.055827e+00
 3.153158e+00 3.063310e+00 3.063310e+00 3.055827e+00 3.055827e+00 3.063310e+00 3.063310e+00 3.055827e+00 3.055827e+00 2.980000e+00
 2.980000e+00 2.980000e+00 2.980000e+00 3.153158e+00 3.032806e+00 3.032806e+00 3.037028e+00 3.055827e+00 3.032806e+00 3.032806e+00
 3.037028e+00 2.980000e+00 2.980000e+00 2.980000e+00 2.980000e+00 2.980000e+00 2.980000e+00 2.980000e+00 2.980000e+00 3.037028e+00
 3.061526e+00 3.061526e+00 3.061526e+00 3.037028e+00 2.980000e+00 2.980000e+00 2.980000e+00 2.980000e+00 2.980000e+00 2.980000e+00
 2.980000e+00 2.980000e+00 3.001980e+00 3.000151e+00 3.000151e+00 3.068384e+00 3.068384e+00 3.065543e+00 2.980000e+00 2.980000e+00
 2.980000e+00 2.980000e+00 2.980000e+00 2.980000e+00 2.980000e+00 2.980000e+00 3.006153e+00 3.007585e+00 3.007585e+00 3.007585e+00
 3.006153e+00 2.980000e+00 2.980000e+00 2.980000e+00 2.980000e+00 2.980000e+00 2.980000e+00 2.980000e+00 2.980000e+00 3.006153e+00
 3.002414e+00 3.002414e+00 3.002101e+00 3.006153e+00 3.002414e+00 3.002414e+00 3.002101e+00 2.980000e+00 2.980000e+00 2.980000e+00
 2.980000e+00 2.980000e+00 3.000159e+00 3.000159e+00 2.993022e+00 3.002101e+00 3.000159e+00 3.000159e+00 2.993022e+00 3.029162e+00
 3.029162e+00 3.020948e+00 3.020948e+00 2.980000e+00 2.988307e+00 2.988307e+00 2.986182e+00 2.993022e+00 2.988307e+00 2.988307e+00
 2.986182e+00 2.993022e+00 3.011794e+00 3.008028e+00 3.008028e+00 3.011794e+00 3.011794e+00 3.008028e+00 3.008028e+00 2.986182e+00
 2.987523e+00 2.987523e+00 2.986975e+00 2.986182e+00 2.987523e+00 3.003373e+00 3.003373e+00 3.005872e+00 3.005872e+00 3.003373e+00
 3.003373e+00 3.005872e+00 3.024700e+00 3.024700e+00 3.027738e+00 2.986975e+00 2.990279e+00 2.990279e+00 2.995285e+00 3.009822e+00
 3.009822e+00 3.017750e+00 3.017750e+00 3.009822e+00 3.009822e+00 3.017750e+00 3.017750e+00 3.027738e+00 3.027738e+00 3.035442e+00
 3.035442e+00 2.995285e+00 2.998882e+00 2.998882e+00 3.024990e+00 3.022656e+00 3.022656e+00 3.022656e+00 3.024990e+00 3.022656e+00
 3.022656e+00 3.022656e+00 3.024990e+00 3.039036e+00 3.039036e+00 3.039036e+00 3.041102e+00 2.997210e+00 3.024805e+00 3.024805e+00
 3.024805e+00 3.024990e+00 3.024990e+00 3.024805e+00 3.024805e+00 3.041102e+00 3.041102e+00 3.040270e+00 3.040270e+00 3.041102e+00
 3.041102e+00 3.040270e+00 3.040270e+00 3.014328e+00 3.014328e+00 3.014328e+00 3.003744e+00 3.040270e+00 3.014328e+00 3.034442e+00
 3.034442e+00 3.040270e+00 3.034442e+00 3.034442e+00 3.034442e+00 3.040270e+00 3.034442e+00 3.034442e+00 3.034442e+00 3.003744e+00
 3.003744e+00 3.009382e+00 3.009382e+00 3.032573e+00 3.032573e+00 3.032573e+00 3.039337e+00 3.032573e+00 3.032573e+00 3.032573e+00
 3.039337e+00 3.032573e+00 3.032573e+00 3.032573e+00 3.082469e+00 3.009382e+00 3.015038e+00 3.018598e+00 3.018598e+00 3.039337e+00
 3.039337e+00 3.046626e+00 3.046626e+00 3.039337e+00 3.039337e+00 3.046626e+00 3.046626e+00 3.039337e+00 3.039337e+00 3.098426e+00
 3.098426e+00 3.051977e+00 3.051977e+00 3.059940e+00 3.059940e+00 3.051977e+00 3.051977e+00 3.059940e+00 3.059940e+00 3.051977e+00
 3.051977e+00 3.059940e+00 3.059940e+00 3.098426e+00 3.051977e+00 3.115702e+00 3.115702e+00 3.059940e+00 3.058414e+00 3.058414e+00
 3.043080e+00 3.059940e+00 3.058414e+00 3.058414e+00 3.058414e+00 3.059940e+00 3.058414e+00 3.058414e+00 3.086681e+00 3.115702e+00
 3.130899e+00 3.130899e+00 3.130899e+00 3.043080e+00 3.029654e+00 3.086681e+00 3.086681e+00 3.091267e+00 3.082306e+00 3.091267e+00
 3.082306e+00 3.082306e+00 3.095301e+00 3.222391e+00 3.095301e+00 3.095301e+00 3.108987e+00 3.246995e+00 3.246995e+00 3.099814e+00
 3.099814e+00 3.099814e+00 3.252863e+00 3.089602e+00 3.092232e+00 3.252863e+00 3.252863e+00 3.092232e+00 3.127068e+00 3.266272e+00
 3.266272e+00 3.127068e+00 3.153274e+00 3.266272e+00 3.309948e+00 3.153274e+00 3.158798e+00 3.309948e+00 3.309948e+00 3.158798e+00
 3.158798e+00 3.319648e+00 3.319648e+00 3.125353e+00 3.125353e+00 3.319648e+00 3.292717e+00 3.144608e+00 3.144608e+00 3.292717e+00
 3.310064e+00 3.166234e+00 3.166234e+00 3.310064e+00 3.310064e+00 3.176894e+00 3.169189e+00 3.316596e+00 3.316596e+00 3.169189e+00
 3.147501e+00 3.286775e+00 3.286775e+00 3.127467e+00 3.172617e+00 3.172617e+00 3.311548e+00 3.172617e+00 3.181829e+00 3.181829e+00
 3.292806e+00 3.292806e+00 3.183938e+00 3.151270e+00 3.183938e+00 3.245098e+00 3.129709e+00 3.129709e+00 3.245098e+00 3.129709e+00
 3.113760e+00 3.091752e+00 3.191079e+00 3.191079e+00 3.111536e+00 3.121175e+00 3.111536e+00 3.121175e+00 3.060932e+00 3.060932e+00
 3.060932e+00 3.061985e+00 3.060932e+00 3.060932e+00 3.060932e+00 3.061985e+00 3.121175e+00 3.121509e+00 3.121509e+00 3.121509e+00
 3.193839e+00 3.121509e+00 3.121509e+00 3.112413e+00 3.061985e+00 3.017298e+00 3.056568e+00 3.014163e+00 3.061985e+00 3.056568e+00
 3.056568e+00 3.045309e+00 3.112413e+00 3.112413e+00 3.056568e+00 3.045309e+00 3.112413e+00 3.112413e+00 3.102062e+00 3.102062e+00
 3.009767e+00 3.009767e+00 3.005981e+00 3.005981e+00 3.045309e+00 3.038401e+00 3.005981e+00 3.005981e+00 3.045309e+00 3.038401e+00
 3.038401e+00 3.038453e+00 3.083420e+00 3.083420e+00 3.078437e+00 3.038453e+00 2.980000e+00 3.007785e+00 2.980000e+00 2.980000e+00
 3.007785e+00 3.007785e+00 3.008635e+00 3.008635e+00 3.038453e+00 3.041075e+00 3.008635e+00 3.008635e+00 3.041075e+00 3.041075e+00
 3.042128e+00 3.042128e+00 2.980000e+00 2.980000e+00 2.980000e+00 3.018172e+00 3.007759e+00 2.980000e+00 2.980000e+00 2.980000e+00
 3.007759e+00 3.005466e+00 3.005466e+00 2.980000e+00 3.040406e+00 3.040406e+00 3.005466e+00 3.004649e+00 3.016169e+00 3.016169e+00
 3.009574e+00 3.009574e+00 2.980000e+00 2.980000e+00 2.980000e+00 3.009574e+00 3.004649e+00 2.980000e+00 2.980000e+00 2.980000e+00
 3.004649e+00 3.003287e+00 3.003287e+00 2.980000e+00 3.037463e+00 3.037463e+00 3.037997e+00 3.037997e+00 3.007381e+00 3.007381e+00
 3.007381e+00 3.037997e+00 2.980000e+00 3.007381e+00 2.980000e+00 3.012488e+00 2.980000e+00 2.980000e+00 2.980000e+00 2.980000e+00
 3.037997e+00 3.045169e+00 3.045169e+00 3.121043e+00 3.012488e+00 3.045169e+00 3.045169e+00 3.053840e+00 3.012488e+00 3.014205e+00
 3.014205e+00 3.053840e+00 2.980000e+00 3.014205e+00 3.014205e+00 3.023076e+00 3.121043e+00 3.121043e+00 3.121043e+00 3.125134e+00
 3.053840e+00 3.121043e+00 3.059783e+00 3.125134e+00 3.053840e+00 3.059783e+00 3.059783e+00 3.059783e+00 3.023076e+00 3.059783e+00
 3.059783e+00 3.056492e+00 3.125134e+00 3.119009e+00 3.056492e+00 3.119009e+00 3.111407e+00 3.246117e+00 3.111407e+00 3.125497e+00
 3.246117e+00 3.223415e+00 3.125497e+00 3.223415e+00 3.218219e+00 3.405345e+00 3.405345e+00 3.297613e+00 3.378668e+00 3.599579e+00
 3.458439e+00 3.552861e+00 3.671228e+00 3.671228e+00 3.688625e+00 3.688625e+00 4.381869e+00 4.321687e+00 4.095369e+00 3.725396e+00
 3.649895e+00 3.296992e+00 3.470869e+00 3.220425e+00 3.220425e+00 3.220425e+00 3.325203e+00 3.271908e+00 3.155767e+00 3.089509e+00
 3.271908e+00 3.319610e+00 3.319610e+00 3.319610e+00 3.271908e+00 3.319610e+00 3.319610e+00 3.090594e+00 3.103165e+00 3.103165e+00
 3.090594e+00 3.090594e+00 3.103165e+00 3.103165e+00 3.090594e+00 3.090594e+00 3.345444e+00 3.345444e+00 3.333102e+00 3.333102e+00
 3.107891e+00 3.107891e+00 3.122510e+00 3.122510e+00 3.107891e+00 3.107891e+00 3.107891e+00 3.122510e+00 3.090594e+00 2.980000e+00
 2.980000e+00 2.980000e+00 3.333102e+00 3.103757e+00 3.103757e+00 3.091230e+00 3.122510e+00 3.103757e+00 3.103757e+00 3.091230e+00
 3.122510e+00 2.980000e+00 2.980000e+00 2.980000e+00 2.980000e+00 2.980000e+00 2.980000e+00 2.980000e+00 3.091230e+00 3.046249e+00
 3.046249e+00 3.065670e+00 3.091230e+00 2.980000e+00 2.980000e+00 2.980000e+00 2.980000e+00 2.980000e+00 2.980000e+00 2.980000e+00
 2.980000e+00 2.980000e+00 3.024810e+00 3.024810e+00 3.065670e+00 2.980000e+00 3.067712e+00 2.980000e+00 2.980000e+00 2.980000e+00
 2.980000e+00 2.980000e+00 2.980000e+00 2.980000e+00 3.014853e+00 3.014853e+00 3.024810e+00 3.008229e+00 3.008229e+00 3.014853e+00
 2.980000e+00 2.980000e+00 2.980000e+00 2.980000e+00 2.980000e+00 2.980000e+00 3.023535e+00 2.980000e+00 3.014853e+00 3.023535e+00
 3.023535e+00 3.027335e+00 3.014853e+00 3.023535e+00 3.059721e+00 3.059721e+00 2.980000e+00 2.980000e+00 2.980000e+00 2.980000e+00
 3.027335e+00 3.027988e+00 3.027988e+00 3.022147e+00 3.027335e+00 3.027988e+00 3.027988e+00 3.057714e+00 3.062543e+00 3.062543e+00
 3.057714e+00 3.057714e+00 2.980000e+00 2.980000e+00 3.021140e+00 2.980000e+00 3.022147e+00 3.021140e+00 3.021140e+00 3.021140e+00
 3.022147e+00 3.048561e+00 3.021140e+00 3.040691e+00 3.048561e+00 3.048561e+00 3.048561e+00 3.040691e+00 3.009935e+00 3.009935e+00
 3.002350e+00 3.002350e+00 3.009935e+00 3.009935e+00 3.002350e+00 3.002350e+00 3.040691e+00 3.025779e+00 3.025779e+00 3.025779e+00
 3.040691e+00 3.025779e+00 3.025779e+00 3.052627e+00 3.001980e+00 3.001980e+00 3.000151e+00 3.000151e+00 3.022949e+00 3.022949e+00
 3.022949e+00 3.023225e+00 3.022949e+00 3.022949e+00 3.022949e+00 3.023225e+00 3.052627e+00 3.047146e+00 3.047146e+00 3.047146e+00
 3.023225e+00 3.007585e+00 3.007585e+00 3.006153e+00 3.023225e+00 3.030638e+00 3.030638e+00 3.030638e+00 3.023225e+00 3.044008e+00
 3.030638e+00 3.030638e+00 3.044008e+00 3.044008e+00 3.044008e+00 3.046032e+00 3.029756e+00 3.029756e+00 3.028967e+00 3.028967e+00
 3.029756e+00 3.029756e+00 3.028967e+00 3.028967e+00 3.046032e+00 3.046032e+00 3.044702e+00 3.044702e+00 3.046032e+00 3.046032e+00
 3.044702e+00 3.044702e+00 3.029162e+00 3.029162e+00 3.020948e+00 3.020948e+00 3.046824e+00 3.046824e+00 3.039030e+00 3.039030e+00
 3.046824e+00 3.046824e+00 3.039030e+00 3.039030e+00 3.046824e+00 3.046824e+00 3.099036e+00 3.099036e+00 3.011794e+00 3.030480e+00
 3.030480e+00 3.027133e+00 3.039030e+00 3.030480e+00 3.030480e+00 3.027133e+00 3.039030e+00 3.060472e+00 3.060472e+00 3.060472e+00
 3.099036e+00 3.060472e+00 3.060472e+00 3.060472e+00 3.027133e+00 3.024700e+00 3.024700e+00 3.027738e+00 3.027133e+00 3.056652e+00
 3.056652e+00 3.056652e+00 3.056652e+00 3.056652e+00 3.056652e+00 3.056652e+00 3.056652e+00 3.056652e+00 3.056652e+00 3.056652e+00
 3.027738e+00 3.027738e+00 3.035442e+00 3.035442e+00 3.027738e+00 3.062155e+00 3.062155e+00 3.062155e+00 3.062155e+00 3.062155e+00
 3.062155e+00 3.062155e+00 3.062155e+00 3.062155e+00 3.062155e+00 3.062155e+00 3.039036e+00 3.039036e+00 3.039036e+00 3.075950e+00
 3.039036e+00 3.039036e+00 3.075950e+00 3.075950e+00 3.062155e+00 3.075950e+00 3.075950e+00 3.075950e+00 3.062155e+00 3.075950e+00
 3.075950e+00 3.075950e+00 3.041102e+00 3.078305e+00 3.075950e+00 3.078305e+00 3.078305e+00 3.080082e+00 3.078305e+00 3.080082e+00
 3.080082e+00 3.082469e+00 3.080082e+00 3.149216e+00 3.082469e+00 3.098426e+00 3.200748e+00 3.200748e+00 3.098426e+00 3.115702e+00
 3.212915e+00 3.212915e+00 3.130899e+00 3.130899e+00 3.212915e+00 3.269158e+00 3.149152e+00 3.149152e+00 3.149152e+00 3.286465e+00
 3.148352e+00 3.222391e+00 3.246995e+00 3.469184e+00 3.252863e+00 3.266272e+00 3.514021e+00 3.309948e+00 3.319648e+00 3.585872e+00
 3.559353e+00 3.310064e+00 3.316596e+00 3.567560e+00 3.311548e+00 3.311548e+00 3.292806e+00 3.245098e+00 3.418330e+00 3.191079e+00
 3.193839e+00 3.193839e+00 3.362263e+00 3.193839e+00 3.193839e+00 3.205930e+00 3.318537e+00 3.205930e+00 3.112413e+00 3.102062e+00
 3.179105e+00 3.179105e+00 3.083420e+00 3.078437e+00 3.146859e+00 3.146859e+00 3.080842e+00 3.089270e+00 3.150731e+00 3.104593e+00
 3.040406e+00 3.040406e+00 3.039125e+00 3.038873e+00 3.104593e+00 3.039125e+00 3.039125e+00 3.038873e+00 3.104593e+00 3.103480e+00
 3.103480e+00 3.103500e+00 3.104593e+00 3.103480e+00 3.103480e+00 3.103500e+00 3.038873e+00 3.003287e+00 3.003287e+00 3.001556e+00
 3.038873e+00 3.035770e+00 3.035770e+00 3.032124e+00 3.103500e+00 3.035770e+00 3.035770e+00 3.032124e+00 3.103500e+00 3.086814e+00
 3.086814e+00 3.086814e+00 3.001556e+00 2.998722e+00 2.998722e+00 2.980000e+00 3.032124e+00 2.998722e+00 2.996591e+00 2.996591e+00
 3.025598e+00 3.025598e+00 3.025598e+00 2.996591e+00 3.081108e+00 3.025598e+00 3.022677e+00 3.022677e+00 2.980000e+00 2.980000e+00
 2.980000e+00 3.023076e+00 2.996591e+00 2.980000e+00 2.980000e+00 2.980000e+00 2.997857e+00 2.997857e+00 2.997857e+00 2.999871e+00
 3.027734e+00 3.027734e+00 2.999871e+00 2.999871e+00 3.023076e+00 3.023949e+00 3.023949e+00 3.056492e+00 2.980000e+00 3.023949e+00
 3.019085e+00 3.019085e+00 2.980000e+00 2.980000e+00 2.980000e+00 2.980000e+00 2.997820e+00 2.997820e+00 2.980000e+00 2.980000e+00
 3.056492e+00 3.052305e+00 3.052305e+00 3.052305e+00 3.019085e+00 3.021672e+00 3.052305e+00 3.042512e+00 3.021672e+00 3.021672e+00
 3.021672e+00 3.014065e+00 2.980000e+00 2.980000e+00 3.014065e+00 3.014065e+00 3.042512e+00 3.042512e+00 3.125497e+00 3.125497e+00
 3.042512e+00 3.042512e+00 3.045651e+00 3.045651e+00 3.042512e+00 3.045651e+00 3.045651e+00 3.045651e+00 3.014065e+00 3.013909e+00
 3.045651e+00 3.048725e+00 3.132885e+00 3.132885e+00 3.048725e+00 3.128625e+00 3.128625e+00 3.218219e+00 3.128625e+00 3.133445e+00
 3.208342e+00 3.208342e+00 3.133704e+00 3.208342e+00 3.208342e+00 3.297613e+00 3.208342e+00 3.297613e+00 3.297613e+00 3.378668e+00
 3.458439e+00 3.458439e+00 3.552861e+00 3.403807e+00 3.539173e+00 3.688625e+00 4.641565e+00 4.321687e+00 3.859967e+00 3.464257e+00
 3.464257e+00 3.296992e+00 3.202789e+00 3.126394e+00 3.175435e+00 3.175435e+00 3.063115e+00 3.089509e+00 3.089509e+00 3.089509e+00
 3.063115e+00 3.027019e+00 3.027019e+00 3.005082e+00 3.063115e+00 3.027019e+00 3.027019e+00 3.005082e+00 3.133615e+00 3.027019e+00
 3.069468e+00 3.069468e+00 3.103165e+00 2.980000e+00 2.980000e+00 2.980000e+00 3.005082e+00 2.980000e+00 2.980000e+00 2.980000e+00
 3.005082e+00 2.980000e+00 3.090760e+00 3.090760e+00 3.084440e+00 3.084440e+00 3.125765e+00 3.090760e+00 2.980000e+00 2.980000e+00
 2.980000e+00 2.980000e+00 2.980000e+00 3.102870e+00 3.100575e+00 3.100575e+00 3.102870e+00 3.102870e+00 3.100575e+00 3.100575e+00
 3.148438e+00 3.148438e+00 3.148796e+00 3.148796e+00 2.980000e+00 3.086368e+00 3.075887e+00 3.075887e+00 3.086368e+00 3.086368e+00
 3.075887e+00 3.075887e+00 3.138883e+00 3.138883e+00 3.127421e+00 3.127421e+00 3.138883e+00 3.138883e+00 3.127421e+00 3.127421e+00
 3.041883e+00 3.041883e+00 3.024810e+00 3.024810e+00 3.101126e+00 3.041883e+00 3.065884e+00 3.065884e+00 3.101126e+00 3.101126e+00
 3.065884e+00 3.065884e+00 3.144247e+00 3.144247e+00 3.109232e+00 3.109232e+00 3.024810e+00 3.008229e+00 3.008229e+00 3.048194e+00
 3.065884e+00 3.048386e+00 3.048386e+00 3.048194e+00 3.065884e+00 3.048386e+00 3.048386e+00 3.082191e+00 3.109232e+00 3.089539e+00
 3.089539e+00 3.082191e+00 3.048194e+00 3.059721e+00 3.082191e+00 3.079856e+00 3.076548e+00 3.069497e+00 3.076548e+00 3.134714e+00
 3.063685e+00 3.063685e+00 3.134714e+00 3.138819e+00 3.059857e+00 3.052627e+00 3.138819e+00 3.127569e+00 3.052627e+00 3.047146e+00
 3.127569e+00 3.099389e+00 3.044008e+00 3.101805e+00 3.099389e+00 3.101805e+00 3.101805e+00 3.101231e+00 3.101805e+00 3.101231e+00
 3.101231e+00 3.099036e+00 3.101231e+00 3.253304e+00 3.099036e+00 3.125118e+00 3.125118e+00 3.125118e+00 3.124102e+00 3.124102e+00
 3.125118e+00 3.124102e+00 3.124102e+00 3.152859e+00 3.124102e+00 3.152859e+00 3.152859e+00 3.152859e+00 3.152859e+00 3.152859e+00
 3.168647e+00 3.168647e+00 3.168647e+00 3.168647e+00 3.159803e+00 3.149216e+00 3.200748e+00 3.212915e+00 3.269158e+00 3.286465e+00
 3.286465e+00 3.407963e+00 3.469184e+00 3.469184e+00 3.538970e+00 3.514021e+00 3.514021e+00 3.545452e+00 3.585872e+00 3.585872e+00
 3.559353e+00 3.557731e+00 3.557731e+00 3.567560e+00 3.567560e+00 3.545614e+00 3.470354e+00 3.470354e+00 3.418330e+00 3.362263e+00
 3.318537e+00 3.318537e+00 3.282042e+00 3.249434e+00 3.150731e+00 3.169088e+00 3.254715e+00 3.254715e+00 3.186123e+00 3.186123e+00
 3.186123e+00 3.186123e+00 3.086814e+00 3.086814e+00 3.150260e+00 3.150260e+00 3.081108e+00 3.074589e+00 3.097710e+00 3.097710e+00
 3.027734e+00 3.027734e+00 3.029102e+00 3.029102e+00 3.027734e+00 3.027734e+00 3.029102e+00 3.029102e+00 3.082873e+00 3.082873e+00
 3.082873e+00 3.029102e+00 3.082873e+00 3.082873e+00 3.082873e+00 3.086121e+00 2.997820e+00 2.997820e+00 2.998817e+00 2.998817e+00
 3.029102e+00 3.030775e+00 3.030775e+00 2.998817e+00 3.030775e+00 3.030775e+00 3.030775e+00 3.032195e+00 3.086121e+00 3.090103e+00
 3.090103e+00 3.032195e+00 2.980000e+00 2.980000e+00 2.980000e+00 2.980000e+00 2.999109e+00 2.999109e+00 2.980000e+00 2.980000e+00
 3.032195e+00 2.999109e+00 2.998593e+00 2.998593e+00 3.032161e+00 3.032161e+00 2.998593e+00 3.031093e+00 2.980000e+00 3.013909e+00
 3.013909e+00 3.020561e+00 2.980000e+00 2.980000e+00 2.980000e+00 3.020561e+00 2.997462e+00 2.980000e+00 2.980000e+00 2.980000e+00
 2.997462e+00 2.997462e+00 3.000105e+00 2.980000e+00 3.049144e+00 3.049144e+00 3.049144e+00 3.059098e+00 3.015158e+00 3.015158e+00
 3.018577e+00 3.059098e+00 2.980000e+00 3.015158e+00 3.018577e+00 3.018577e+00 2.980000e+00 2.980000e+00 2.980000e+00 2.980000e+00
 3.059098e+00 3.059872e+00 3.133445e+00 3.133704e+00 3.059098e+00 3.059872e+00 3.059872e+00 3.059872e+00 3.018773e+00 3.059872e+00
 3.059872e+00 3.050049e+00 3.018773e+00 3.018773e+00 3.015929e+00 3.050049e+00 3.133704e+00 3.133704e+00 3.104625e+00 3.104625e+00
 3.050049e+00 3.104625e+00 3.104625e+00 3.104625e+00 3.050049e+00 3.050049e+00 3.104625e+00 3.104625e+00 3.050049e+00 3.034293e+00
 3.034293e+00 3.034293e+00 3.085721e+00 3.085721e+00 3.085721e+00 3.085721e+00 3.166182e+00 3.166182e+00 3.072787e+00 3.082117e+00
 3.166182e+00 3.213870e+00 3.082117e+00 3.213870e+00 3.213870e+00 3.317039e+00 3.278332e+00 3.403807e+00 4.641565e+00 4.307668e+00
 4.060107e+00 4.060107e+00 3.741387e+00 3.339883e+00 3.175435e+00 3.175435e+00 3.324895e+00 3.324895e+00 3.133615e+00 3.069468e+00
 3.224336e+00 3.190345e+00 3.166312e+00 3.125765e+00 3.166312e+00 3.365903e+00 3.190958e+00 3.176948e+00 3.333421e+00 3.333421e+00
 3.176948e+00 3.160237e+00 3.297513e+00 3.297513e+00 3.144247e+00 3.109232e+00 3.264654e+00 3.232452e+00 3.089539e+00 3.089539e+00
 3.232452e+00 3.210625e+00 3.082191e+00 3.140088e+00 3.210625e+00 3.244941e+00 3.244941e+00 3.266068e+00 3.264366e+00 3.230340e+00
 3.228953e+00 3.248471e+00 3.253304e+00 3.257826e+00 3.257826e+00 3.279427e+00 3.315062e+00 3.323277e+00 3.323277e+00 3.339490e+00
 3.403044e+00 3.403044e+00 3.521733e+00 3.521733e+00 3.615415e+00 3.668147e+00 3.668147e+00 3.725014e+00 3.785275e+00 3.785275e+00
 3.742061e+00 3.747812e+00 3.747812e+00 3.788681e+00 3.744908e+00 3.744908e+00 3.729983e+00 3.753577e+00 3.753577e+00 3.709630e+00
 3.648102e+00 3.648102e+00 3.588800e+00 3.519329e+00 3.519329e+00 3.458077e+00 3.431854e+00 3.408995e+00 3.408995e+00 3.354900e+00
 3.235319e+00 3.235319e+00 3.097710e+00 3.235319e+00 3.181909e+00 3.181909e+00 3.086121e+00 3.181909e+00 3.169589e+00 3.090103e+00
 3.090103e+00 3.169589e+00 3.148931e+00 3.077485e+00 3.032161e+00 3.031093e+00 3.031093e+00 3.077485e+00 3.077485e+00 3.073114e+00
 3.073114e+00 3.077485e+00 3.073114e+00 3.073114e+00 3.073114e+00 3.148931e+00 3.128628e+00 3.128628e+00 3.112048e+00 3.032343e+00
 3.032343e+00 3.000105e+00 3.000105e+00 3.032343e+00 3.032343e+00 3.039843e+00 3.039843e+00 3.061608e+00 3.061608e+00 3.039843e+00
 3.039843e+00 3.112048e+00 3.061608e+00 3.066316e+00 3.066316e+00 3.008795e+00 2.980000e+00 2.980000e+00 2.980000e+00 3.008795e+00
 3.013918e+00 3.013918e+00 2.980000e+00 3.053978e+00 3.053978e+00 3.013918e+00 3.023436e+00 3.053978e+00 3.053978e+00 3.064517e+00
 3.064517e+00 2.980000e+00 2.980000e+00 3.015929e+00 3.015929e+00 2.980000e+00 2.980000e+00 2.980000e+00 2.980000e+00 3.023436e+00
 2.980000e+00 3.025004e+00 2.980000e+00 3.023436e+00 3.025004e+00 3.025004e+00 2.980000e+00 3.003608e+00 3.003608e+00 3.034293e+00
 3.025076e+00 3.003608e+00 3.003608e+00 3.000606e+00 3.000606e+00 2.980000e+00 2.980000e+00 3.000606e+00 3.000606e+00 3.021566e+00
 2.980000e+00 2.980000e+00 2.980000e+00 3.025076e+00 3.019151e+00 3.019151e+00 3.072787e+00 3.025076e+00 3.019151e+00 3.019151e+00
 3.015888e+00 2.995665e+00 3.019151e+00 3.019151e+00 3.015888e+00 2.995665e+00 2.995218e+00 2.995218e+00 3.015888e+00 3.072787e+00
 3.072787e+00 3.082117e+00 3.082117e+00 3.015888e+00 3.014405e+00 3.082117e+00 3.034856e+00 3.015888e+00 3.014405e+00 3.014405e+00
 3.034856e+00 2.994770e+00 3.014405e+00 3.014405e+00 3.014052e+00 3.034856e+00 3.063432e+00 3.034856e+00 3.063432e+00 3.063432e+00
 3.145884e+00 3.053563e+00 3.053563e+00 3.145884e+00 3.145884e+00 3.092924e+00 3.092924e+00 3.278332e+00 4.595534e+00 4.060107e+00
 4.167820e+00 4.167820e+00 4.026261e+00 3.598059e+00 3.784723e+00 3.686594e+00 3.554086e+00 3.554086e+00 3.471641e+00 3.425906e+00
 3.425906e+00 3.460055e+00 3.518735e+00 3.518735e+00 3.505896e+00 3.506155e+00 3.506155e+00 3.531856e+00 3.537232e+00 3.537232e+00
 3.552083e+00 3.576433e+00 3.576433e+00 3.572680e+00 3.579703e+00 3.579703e+00 3.655191e+00 3.750936e+00 3.750936e+00 3.836101e+00
 3.862245e+00 3.862245e+00 3.904697e+00 3.911308e+00 3.911308e+00 3.897583e+00 3.897193e+00 3.897193e+00 3.887652e+00 3.858902e+00
 3.858902e+00 3.846097e+00 3.837197e+00 3.837197e+00 3.804773e+00 3.757238e+00 3.757238e+00 3.692575e+00 3.615702e+00 3.615702e+00
 3.592606e+00 3.609435e+00 3.609435e+00 3.576808e+00 3.516548e+00 3.516548e+00 3.394785e+00 3.297314e+00 3.169589e+00 3.148931e+00
 3.267276e+00 3.267276e+00 3.128628e+00 3.128628e+00 3.217211e+00 3.217211e+00 3.112048e+00 3.100175e+00 3.181395e+00 3.181395e+00
 3.100486e+00 3.100486e+00 3.100486e+00 3.110839e+00 3.074122e+00 3.074122e+00 3.070682e+00 3.070682e+00 3.110839e+00 3.074122e+00
 3.070682e+00 3.070682e+00 3.110839e+00 3.115666e+00 3.115666e+00 3.070682e+00 3.110839e+00 3.115666e+00 3.115666e+00 3.115666e+00
 3.021566e+00 3.021566e+00 3.015318e+00 2.980000e+00 3.021566e+00 3.057836e+00 3.015318e+00 3.011875e+00 3.057836e+00 3.057836e+00
 3.057836e+00 3.011875e+00 3.057836e+00 3.057836e+00 3.057836e+00 3.046903e+00 2.980000e+00 2.980000e+00 2.980000e+00 2.994770e+00
 3.011875e+00 2.980000e+00 2.980000e+00 2.980000e+00 3.011875e+00 3.006896e+00 3.006896e+00 3.006896e+00 3.046903e+00 3.006896e+00
 3.006896e+00 3.006859e+00 2.994770e+00 2.994478e+00 2.994478e+00 3.014052e+00 2.980000e+00 2.994478e+00 2.994478e+00 2.995212e+00
 2.980000e+00 2.980000e+00 2.980000e+00 2.995212e+00 3.006859e+00 3.006859e+00 2.980000e+00 2.980000e+00 3.014052e+00 3.014280e+00
 3.014280e+00 3.030285e+00 2.995212e+00 3.014280e+00 3.014280e+00 3.016665e+00 2.995212e+00 2.993310e+00 2.993310e+00 3.016665e+00
 2.980000e+00 2.993310e+00 2.993310e+00 3.002232e+00 3.053563e+00 3.053563e+00 3.058554e+00 3.058554e+00 3.016665e+00 3.029840e+00
 3.058554e+00 3.058554e+00 3.029840e+00 3.029840e+00 3.029840e+00 3.058554e+00 3.002232e+00 3.029840e+00 3.029840e+00 3.058554e+00
 4.563344e+00 4.563344e+00 4.167820e+00 4.026261e+00 4.247097e+00 3.784723e+00 3.939306e+00 3.822771e+00 3.822771e+00 3.775705e+00
 3.752615e+00 3.752615e+00 3.761569e+00 3.770560e+00 3.770560e+00 3.782129e+00 3.787467e+00 3.787467e+00 3.784193e+00 3.784193e+00
 3.792274e+00 3.817720e+00 3.817720e+00 3.811211e+00 3.798139e+00 3.798139e+00 3.817763e+00 3.875221e+00 3.875221e+00 3.934124e+00
 3.982879e+00 3.982879e+00 4.011906e+00 4.029485e+00 4.029485e+00 4.031715e+00 4.010617e+00 4.010617e+00 4.002784e+00 3.986180e+00
 3.986180e+00 3.942643e+00 3.921626e+00 3.921626e+00 3.908957e+00 3.881919e+00 3.881919e+00 3.826807e+00 3.736557e+00 3.736557e+00
 3.663563e+00 3.665758e+00 3.710517e+00 3.710517e+00 3.699986e+00 3.662380e+00 3.662380e+00 3.592403e+00 3.454749e+00 3.454749e+00
 3.380085e+00 3.333611e+00 3.184051e+00 3.184051e+00 3.333611e+00 3.303038e+00 3.184051e+00 3.165250e+00 3.303038e+00 3.165250e+00
 3.120963e+00 3.120963e+00 3.235003e+00 3.109681e+00 3.046903e+00 3.040339e+00 3.040339e+00 3.040339e+00 3.109681e+00 3.109681e+00
 3.040339e+00 3.043670e+00 3.109681e+00 3.109681e+00 3.083960e+00 3.083960e+00 3.109681e+00 3.083960e+00 3.083960e+00 3.083960e+00
 3.006859e+00 3.009942e+00 3.009942e+00 3.009942e+00 3.043670e+00 3.043670e+00 3.009942e+00 3.012806e+00 3.043670e+00 3.088665e+00
 3.048856e+00 3.048856e+00 3.088665e+00 3.088665e+00 3.048856e+00 3.048856e+00 4.600028e+00 4.600028e+00 4.247097e+00 4.355715e+00
 4.355715e+00 4.191228e+00 4.169722e+00 3.775705e+00 4.058483e+00 4.021595e+00 3.961020e+00 3.961020e+00 3.995491e+00 4.029231e+00
 4.029231e+00 3.997058e+00 3.966377e+00 3.966377e+00 4.024840e+00 4.026779e+00 4.026779e+00 4.005748e+00 3.988751e+00 3.988751e+00
 4.040011e+00 4.030387e+00 4.030387e+00 4.066131e+00 4.097003e+00 4.097003e+00 4.113818e+00 4.098013e+00 4.098013e+00 4.117367e+00
 4.092232e+00 4.092232e+00 4.068673e+00 4.047179e+00 4.047179e+00 3.993403e+00 3.951690e+00 3.951690e+00 3.953744e+00 3.944030e+00
 3.944030e+00 3.834852e+00 3.742282e+00 3.742282e+00 3.692203e+00 3.683437e+00 3.683437e+00 3.750644e+00 3.778700e+00 3.778700e+00
 3.771232e+00 3.697546e+00 3.590555e+00 3.590555e+00 3.562937e+00 3.540367e+00 3.540367e+00 3.303038e+00 3.235003e+00 3.235003e+00
 3.376176e+00 3.376176e+00 3.175225e+00 3.175225e+00 3.175225e+00 3.175225e+00 4.642417e+00 4.646866e+00 4.191228e+00 4.322191e+00
 4.058483e+00 4.207011e+00 4.021595e+00 4.128216e+00 3.961020e+00 4.111887e+00 4.029231e+00 4.166259e+00 3.997058e+00 4.103055e+00
 3.966377e+00 4.162546e+00 4.026779e+00 4.128196e+00 4.005748e+00 4.132831e+00 3.988751e+00 4.141188e+00 4.030387e+00 4.095419e+00
 4.066131e+00 4.133008e+00 4.097003e+00 4.124012e+00 4.098013e+00 4.105764e+00 4.117367e+00 4.155681e+00 4.092232e+00 4.071239e+00
 4.047179e+00 4.050682e+00 3.993403e+00 3.966663e+00 3.951690e+00 3.959358e+00 3.944030e+00 3.948735e+00 3.834852e+00 3.772979e+00
 3.742282e+00 3.680633e+00 3.683437e+00 3.684156e+00 3.750644e+00 3.797055e+00 3.771232e+00 3.785392e+00 3.697546e+00 3.690118e+00
 3.590555e+00 3.652757e+00 3.540367e+00 3.540367e+00 3.522090e+00
