    1   0                                                 ;NC (NUMBER OF PROBLEM); KP (output file unit)
    Optimization                                          ;TITLE
    4   66   1   10   1                                    ;NP (number of parameters), NOB (number of observation), INPC,MIT (max iteration), NIND (dimension)
    Smann  SGCL    SWFH1   SWFH2                          ;NAME OF COEFFICENT
   1.0000E-03  1.9722E-01  7.1489E-04  5.7039E-04                           ;INITIAL GUESS
    0.001  1e-4    1e-6    1e-6          
    0.1    1.0     0.1     0.1          
1.00000000E+00	0.00000000E+00	1.00E+00
2.00000000E+00	0.00000000E+00	1.00E+00
4.00000000E+00	0.00000000E+00	1.00E+00
8.00000000E+00	0.00000000E+00	1.00E+00
1.60000000E+01	0.00000000E+00	1.00E+00
3.09153277E+01	0.00000000E+00	1.00E+00
6.07459832E+01	0.00000000E+00	1.00E+00
1.20407294E+02	0.00000000E+00	1.00E+00
2.10203647E+02	0.00000000E+00	1.00E+00
3.00000000E+02	3.81904723E-08	1.00E+00
4.00000000E+02	7.10875447E-06	1.00E+00
5.00000000E+02	1.53489599E-05	1.00E+00
6.00000000E+02	3.32954211E-05	1.00E+00
7.00000000E+02	4.49536697E-05	1.00E+00
8.00000000E+02	6.79963416E-05	1.00E+00
9.00000000E+02	9.43558593E-05	1.00E+00
1.00000000E+03	1.34506425E-04	1.00E+00
1.10000000E+03	1.55918294E-04	1.00E+00
1.20000000E+03	1.86918472E-04	1.00E+00
1.30000000E+03	2.21408650E-04	1.00E+00
1.40000000E+03	2.59482076E-04	1.00E+00
1.50000000E+03	2.99397395E-04	1.00E+00
1.60000000E+03	3.38020446E-04	1.00E+00
1.70000000E+03	3.77426808E-04	1.00E+00
1.80000000E+03	4.22961215E-04	1.00E+00
1.90000000E+03	4.77893332E-04	1.00E+00
2.00000000E+03	5.41086098E-04	1.00E+00
2.10000000E+03	6.10957042E-04	1.00E+00
2.20000000E+03	6.82684082E-04	1.00E+00
2.30000000E+03	7.56152967E-04	1.00E+00
2.40000000E+03	8.28538623E-04	1.00E+00
2.50000000E+03	9.00385368E-04	1.00E+00
2.60000000E+03	9.69539064E-04	1.00E+00
2.70000000E+03	1.03431487E-03	1.00E+00
2.80000000E+03	1.09522201E-03	1.00E+00
2.90000000E+03	1.14895769E-03	1.00E+00
3.00000000E+03	1.19839677E-03	1.00E+00
3.10000000E+03	1.05984015E-03	1.00E+00
3.20000000E+03	9.27043165E-04	1.00E+00
3.30000000E+03	8.15911124E-04	1.00E+00
3.40000000E+03	7.25157324E-04	1.00E+00
3.50000000E+03	6.49398159E-04	1.00E+00
3.60000000E+03	5.86806929E-04	1.00E+00
3.70000000E+03	5.34303185E-04	1.00E+00
3.80000000E+03	4.88960145E-04	1.00E+00
3.90000000E+03	4.47452340E-04	1.00E+00
4.00000000E+03	4.10223533E-04	1.00E+00
4.10000000E+03	3.75613797E-04	1.00E+00
4.20000000E+03	3.45934971E-04	1.00E+00
4.30000000E+03	3.20463267E-04	1.00E+00
4.40000000E+03	2.97900564E-04	1.00E+00
4.50000000E+03	2.77539903E-04	1.00E+00
4.60000000E+03	2.58169558E-04	1.00E+00
4.70000000E+03	2.39486355E-04	1.00E+00
4.80000000E+03	2.21979956E-04	1.00E+00
4.90000000E+03	2.06126321E-04	1.00E+00
5.00000000E+03	1.91861832E-04	1.00E+00
5.10000000E+03	1.78688762E-04	1.00E+00
5.20000000E+03	1.66368239E-04	1.00E+00
5.30000000E+03	1.55100145E-04	1.00E+00
5.40000000E+03	1.45188149E-04	1.00E+00
5.50000000E+03	1.36411000E-04	1.00E+00
5.60000000E+03	1.28569404E-04	1.00E+00
5.70000000E+03	1.21558663E-04	1.00E+00
5.80000000E+03	1.15216459E-04	1.00E+00
5.90000000E+03	1.09324040E-04	1.00E+00
