  0.208460950851E+01  0.208353042603E+01  0.208169603348E+01  0.207929134369E+01  0.207643413544E+01
  0.207320594788E+01  0.206966495514E+01  0.206585597992E+01  0.206181335449E+01  0.205756425858E+01
  0.205313134193E+01  0.204853272438E+01  0.204378390312E+01  0.203889775276E+01  0.203388571739E+01
  0.202875709534E+01  0.202352046967E+01  0.201818346977E+01  0.201275229454E+01  0.200723266602E+01
  0.200163006783E+01  0.199594867229E+01  0.199019300938E+01  0.198436677456E+01  0.197847330570E+01
  0.197251570225E+01  0.196649682522E+01  0.196041917801E+01  0.195428514481E+01  0.194809699059E+01
  0.194185650349E+01  0.193556571007E+01  0.192922616005E+01  0.192283952236E+01  0.191640710831E+01
  0.190993034840E+01  0.190341031551E+01  0.189684832096E+01  0.189024519920E+01  0.188360202312E+01
  0.187691962719E+01  0.187019884586E+01  0.186344039440E+01  0.185664498806E+01  0.184981310368E+01
  0.184294545650E+01  0.183604240417E+01  0.182910442352E+01  0.182213199139E+01  0.181512534618E+01
  0.180808484554E+01  0.180101060867E+01  0.179390299320E+01  0.178676211834E+01  0.177958810329E+01
  0.177238094807E+01  0.176514065266E+01  0.175786721706E+01  0.175056064129E+01  0.174322068691E+01
  0.173584735394E+01  0.172844028473E+01  0.172099924088E+01  0.171352398396E+01  0.170601403713E+01
  0.169846904278E+01  0.169088864326E+01  0.168327212334E+01  0.167561912537E+01  0.166792881489E+01
  0.166020047665E+01  0.165243339539E+01  0.164462661743E+01  0.163677930832E+01  0.162889051437E+01
  0.162095892429E+01  0.161298334599E+01  0.160496246815E+01  0.159689497948E+01  0.158877909184E+01
  0.158061325550E+01  0.157239556313E+01  0.156412386894E+01  0.155579602718E+01  0.154740953445E+01
  0.153896188736E+01  0.153044986725E+01  0.152187049389E+01  0.151321995258E+01  0.150449430943E+01
  0.149568915367E+01  0.148679947853E+01  0.147781968117E+01  0.146874320507E+01  0.145956277847E+01
  0.145027005672E+01  0.144085514545E+01  0.143130636215E+01  0.142160964012E+01  0.141174793243E+01
  0.140170001984E+01
